14
239,211,163
227,191,143
215,171,123
203,151,107
187,135,91
175,115,75
15
255,255,255
235,235,235
219,219,219
203,203,203
187,187,187
167,167,167
16
255,255,255
255,231,235
243,199,211
243,167,191
235,143,175
247,91,143
17
255,255,219
255,255,171
239,239,151
223,223,131
191,195,95
159,167,67
18
255,215,95
255,491,71
247,175,49
243,143,27
239,111,11
199,91,0
19
251,251,211
255,251,199
255,243,167
255,235,123
255,215,95
255,191,71
20
55,55,135
31,31,103
19,19,91
11,11,75
7,7,59
0,0,31
21
235,235,255
203,203,239
179,179,223
155,155,207
131,131,195
107,107,179
22
219,195,239
199,167,235
179,147,199
155,123,183
143,91,163
127,59,147
23
239,163,227
227,143,219
215,123,211
200,107,203
175,82,178
146,47,156
24
255,147,184
244,125,173
234,103,162
226,76,156
207,35,136
168,21,107
25
147,148,255
115,125,255
83,104,255
55,94,255
23,68,255
0,53,210
26
255,147,162
255,114,142
255,83,127
255,55,121
238,0,78
183,2,72
27
184,219,211
162,208,198
141,197,185
122,188,174
101,177,160
50,162,137
28
197,167,217
175,148,202
158,122,195
140,101,207
126,71,220
101,53,184
29
253,170,138
244,143,116
235,124,103
224,98,86
210,75,62
190,39,34
30
147,204,255
118,195,250
96,188,241
69,182,228
44,163,210
8,140,180
31
166,235,182
140,230,155
114,224,126
91,219,96
64,213,70
7,182,4
32
44,231,104
32,214,91
30,197,84
28,181,77
25,162,69
1,137,45
33
254,235,130
248,229,121
238,209,100
227,186,83
211,170,67
191,136,28
34
0,102,255
0,89,223
0,75,187
0,62,155
0,46,115
0,26,66
35
185,112,91
165,107,91
145,96,82
118,79,68
97,65,56
61,41,35
36
181,0,87
159,0,83
132,0,44
108,0,33
68,0,33
47,0,21
37
60,153,0
63,136,0
32,112,0
21,91,0
25,58,0
16,40,0
38
181,0,87
159,0,83
132,0,44
108,0,33
68,0,33
47,0,21
39
0,136,156
0,133,138
0,92,115
0,68,93
0,53,59
0,36,41
40
255,151,91
255,125,51
255,93,0
206,75,0
130,47,0
90,33,0
41
255,255,207
255,220,51
255,211,0
206,170,0
130,108,0
90,74,0
42
155,172,145
140,157,125
108,136,98
81,117,71
57,76,44
37,66,18
43
105,232,0
93,206,0
77,170,0
62,138,0
40,88,0
27,60,0
44
147,168,199
123,152,183
59,81,147
91,112,163
35,60,95
0,38,91
45
207,138,163
193,113,149
175,79,104
161,44,68
105,25,55
91,0,34
46
0,231,248
0,210,227
0,183,197
0,155,167
0,117,127
0,96,103
47
175,255,0
155,226,0
127,193,0
97,151,0
74,123,0
52,95,0
48
255,144,255
219,105,255
178,85,251
138,65,194
99,46,141
60,29,84
49
255,133,144
255,88,104
255,38,58
220,24,43
195,0,19
159,0,15
50
255,255,250
255,252,197
255,250,95
240,228,0
206,195,0
162,152,0
51
254,221,225
230,179,186
211,156,163
192,138,145
168,119,124
143,102,108
52
226,195,232
185,161,214
143,127,196
101,92,177
59,58,159
17,23,140
53
217,212,156
204,176,132
191,140,108
177,103,84
164,67,60
150,30,36
54
255,112,0
208,3,7
161,7,0
114,10,13
67,14,16
20,18,20
55
255,255,0
213,208,0
171,161,0
128,114,0
86,67,0
43,20,0
56
255,255,255
204,209,209
153,162,163
102,115,116
51,68,70
0,21,23
57
255,228,0
249,183,7
243,137,15
236,92,23
230,46,31
183,23,43
58
163,231,255
134,185,223
104,139,191
74,93,159
44,47,127
14,0,94
59
207,0,132
187,5,106
167,10,80
146,15,53
126,20,27
94,8,0
60
255,255,220
223,240,190
190,224,160
157,208,130
124,192,100
62,171,63
61
195,231,232
160,208,214
124,185,196
89,161,177
53,138,159
0,110,108
62
195,0,104
156,0,104
117,0,105
78,0,106
39,0,107
0,0,108
63
117,110,196
110,100,157
102,89,118
95,79,79
87,68,40
79,57,0
64
195,232,199
161,215,178
127,198,156
92,180,134
58,163,112
23,145,90
65
217,255,156
174,212,125
131,169,94
87,125,63
44,82,32
0,38,1
66
255,140,166
204,125,146
153,110,126
102,95,105
51,80,85
0,64,64
67
232,195,195
222,172,174
212,149,153
202,126,131
192,103,110
181,80,88
68
195,232,196
156,208,180
117,184,164
78,160,148
39,136,132
0,111,115
69
77,74,74
61,58,62
44,42,50
27,26,37
14,13,28
0,0,19
70
237,209,212
223,180,204
209,151,196
194,121,188
180,92,180
165,62,171
71
255,5,166
205,4,153
154,3,140
104,2,126
53,1,113
2,0,99


