; Skill에 대한 table 입니다.
; 각각이 의미하는 바는 다음과 같습니다.
;
; NO : 스킬의 번호
; FN : 스킬 그림이 들어 있는 파일의 번호 (b = 1, c = 2, .... )
;b: priest special 1
;c: warrior special 2
;d: monk special 3
;e: rogue special 4
;f: wizard special 5
; SI : 해당 스킬이 시작 index
; FC : 해당 스킬의 프레임 수
; ST : 이 스킬을 쓸 수 있는 옷의 번호가 일렬로 주우욱...
;NO	FN	SI	FC	ST
;성직자
0	1	0	3	5 10 15 20 25 39 55 56 57 58 75 76 77 78 95 96 97 98 115 116 117 118 135 136 137 138 156 157 158 159 160 174 179 210 236 237 238 239 240 266 274 275 276 277 292 296 297 297 298 299 322 323 334 348
;전사
1	2	0	4	2 7 12 17 22 28 27 29 36 43 44 45 46 63 64 65 66 83 84 85 86 123 124 125 126 143 144 145 146 156 157 158 159 160 175 180 204 246 247 248 249 250 268 282 283 284 285 294 300 301 302 303 177 182 328 329 335 349
2	2	8	3	2 7 12 17 22 28 27 29 36 43 44 45 46 63 64 65 66 83 84 85 86 123 124 125 126 143 144 145 146 156 157 158 159 160 175 180 204 246 247 248 249 250 268 282 283 284 285 294 300 301 302 303 177 182 328 329 335 349
;도가
3	3	0	3	3 8 13 18 23 40 59 60 61 62 79 80 81 82 99 100 101 102 119 120 121 122 139 140 141 142 156 157 158 159 160 176 181 212 231 232 233 234 235 265 270 271 272 273 291 304 305 306 307 326 327 336 350
4	3	6	2	3 8 13 18 23 40 59 60 61 62 79 80 81 82 99 100 101 102 119 120 121 122 139 140 141 142 156 157 158 159 160 176 181 212 231 232 233 234 235 265 270 271 272 273 291 304 305 306 307 326 327 336 350
5	3	10	4	3 8 13 18 23 40 59 60 61 62 79 80 81 82 99 100 101 102 119 120 121 122 139 140 141 142 156 157 158 159 160 176 181 212 231 232 233 234 235 265 270 271 272 273 291 304 305 306 307 326 327 336 350
;도적
6	4	0	2	4 9 14 19 24 37 47 48 49 50 67 68 69 70 87 88 89 90 127 128 129 130 147 148 149 150 156 157 158 159 160 177 182 206 241 242 243 244 245 267 267 278 279 280 281 293 308 309 310 311 330 337 351
7	4	4	2	4 9 14 19 24 37 47 48 49 50 67 68 69 70 87 88 89 90 127 128 129 130 147 148 149 150 156 157 158 159 160 177 182 206 241 242 243 244 245 267 267 278 279 280 281 293 308 309 310 311 331 337 351
;마법사
8	5	0	2	6 11 16 21 26 38 51 52 53 54 71 72 73 74 91 92 93 94 111 112 113 114 131 132 133 134 156 157 158 159 160 178 183 208 251 252 253 254 255 269 269 286 287 288 289 295 312 313 314 315 324 325 338 352
;바드
9	1	6	3	266 274 275 276 277 292 296 297 298 299 322 323 334
10	1	12	1	266 274 275 276 277 292 296 297 298 299 322 323 334
;검투사
11	2	14	2	268 282 283 284 285 294 300 301 302 303 328 329 335
12	2	18	3	268 282 283 284 285 294 300 301 302 303 328 329 335
13	2	24	3	268 282 283 284 285 294 300 301 302 303 328 329 335
;궁수
14	4	8	4	267 278 279 280 281 293 308 309 310 311 330 331 337
15	4	16	6	267 278 279 280 281 293 308 309 310 311 330 331 337
16	4	28	4	267 278 279 280 281 293 308 309 310 311 330 331 337
;소환사
17	5	4	4	269 286 287 288 289 295 312 313 314 315 324 325 338
