; Skill에 대한 table 입니다.
; 각각이 의미하는 바는 다음과 같습니다.
;
; NO : 스킬의 번호
; FN : 스킬 그림이 들어 있는 파일의 번호 (b = 1, c = 2, .... )
;b: priest special 1
;c: warrior special 2
;d: monk special 3
;e: rogue special 4
;f: wizard special 5
;
;ex) ma360b.PCX (i360 승급옷 블랙)
;만일 위 옷이 있었다면 i계열이므로 skill_i.tbl파일을 열어서
;파일명에 b가 들어가므로 성직자 뒷부분에 번호 360을 써주면 된다
;(단, b만있더라도 프레임이 바드꺼까지 있을수가 있으니 바드꺼까지 있다면 바드쪽에서 360을 써주어야 한다)
;최근 파일에는 대부분 바드 컴투사 궁수 소환사까지 다찍는다
;
;성직자 --> 바드 b
;전사 --> 검투사 c
;무도가 d
;도적 --> 궁수 e
;마법사 --> 소환사 f      
;
; SI : 해당 스킬이 시작 index
; FC : 해당 스킬의 프레임 수
; ST : 이 스킬을 쓸 수 있는 옷의 번호가 일렬로 주우욱...
;NO	FN	SI	FC	ST
;성직자
0	1	0	3	1 2 3 4 5 6 7 8 9 10 11 12 13 14 16 17 18 19 20 21 22 23 24 25 26 27 28 29 30 31 32 33 34 35 36 37 38 39 40 41 42 43 44
;전사
1	2	0	4	1 2 3 4 5 6 7 8 9 10 11 12 13 14 16 17 18 19 20 21 22 23 24 25 26 27 28 29 30 31 32 33 34 35 36 37 38 39 40 41 42 43 44
2	2	8	3	1 2 3 4 5 6 7 8 9 10 11 12 13 14 16 17 18 19 20 21 22 23 24 25 26 27 28 29 30 31 32 33 34 35 36 37 38 39 40 41 42 43 44
;도가
3	3	0	3	1 2 3 4 5 6 7 8 9 10 11 12 13 14 16 17 18 19 20 21 22 23 24 25 26 27 28 29 30 31 32 33 34 35 36 37 38 39 40 41 42 43 44
4	3	6	2	1 2 3 4 5 6 7 8 9 10 11 12 13 14 16 17 18 19 20 21 22 23 24 25 26 27 28 29 30 31 32 33 34 35 36 37 38 39 40 41 42 43 44
5	3	10	4	1 2 3 4 5 6 7 8 9 10 11 12 13 14 16 17 18 19 20 21 22 23 24 25 26 27 28 29 30 31 32 33 34 35 36 37 38 39 40 41 42 43 44
;도적
6	4	0	2	1 2 3 4 5 6 7 8 9 10 11 12 13 14 16 17 18 19 20 21 22 23 24 25 26 27 28 29 30 31 32 33 34 35 36 37 38 39 40 41 42 43 44
7	4	4	2	1 2 3 4 5 6 7 8 9 10 11 12 13 14 16 17 18 19 20 21 22 23 24 25 26 27 28 29 30 31 32 33 34 35 36 37 38 39 40 41 42 43 44
;마법사
8	5	0	2	1 2 3 4 5 6 7 8 9 10 11 12 13 14 16 17 18 19 20 21 22 23 24 25 26 27 28 29 30 31 32 33 34 35 36 37 38 39 40 41 42 43 44
;바드
9	1	6	3	1 2 3 4 5 6 7 8 9 10 11 12 13 14 16 17 18 19 20 21 22 23 24 25 26 27 28 29 30 31 32 33 34 35 36 37 38 39 40 41 42 43 44
10	1	12	1	1 2 3 4 5 6 7 8 9 10 11 12 13 14 16 17 18 19 20 21 22 23 24 25 26 27 28 29 30 31 32 33 34 35 36 37 38 39 40 41 42 43 44
;검투사
11	2	14 	2	1 2 3 4 5 6 7 8 9 10 11 12 13 14 16 17 18 19 20 21 22 23 24 25 26 27 28 29 30 31 32 33 34 35 36 37 38 39 40 41 42 43 44
12	2	18	3	1 2 3 4 5 6 7 8 9 10 11 12 13 14 16 17 18 19 20 21 22 23 24 25 26 27 28 29 30 31 32 33 34 35 36 37 38 39 40 41 42 43 44
13	2	24	3	1 2 3 4 5 6 7 8 9 10 11 12 13 14 16 17 18 19 20 21 22 23 24 25 26 27 28 29 30 31 32 33 34 35 36 37 38 39 40 41 42 43 44
;궁수
14 	4	8	4	1 2 3 4 5 6 7 8 9 10 11 12 13 14 16 17 18 19 20 21 22 23 24 25 26 27 28 29 30 31 32 33 34 35 36 37 38 39 40 41 42 43 44
15	4	16	6	1 2 3 4 5 6 7 8 9 10 11 12 13 14 16 17 18 19 20 21 22 23 24 25 26 27 28 29 30 31 32 33 34 35 36 37 38 39 40 41 42 43 44
16	4	28	4	1 2 3 4 5 6 7 8 9 10 11 12 13 14 16 17 18 19 20 21 22 23 24 25 26 27 28 29 30 31 32 33 34 35 36 37 38 39 40 41 42 43 44
;소환사
17	5	4	4	1 2 3 4 5 6 7 8 9 10 11 12 13 14 16 17 18 19 20 21 22 23 24 25 26 27 28 29 30 31 32 33 34 35 36 37 38 39 40 41 42 43 44
