142 1
160 2
161 2
162 2
163 2
164 2
165 2
166 2
167 2
168 2
169 2
170 2
171 2
172 2
173 2
174 2
175 2
176 2
177 2
178 2
179 2
180 2
181 2
182 2
183 2
184 2
192 2
194 2
200 5
202 5
203 5
204 5
205 5
206 5
207 5
209 1004
210 1001
213 6
69 1000
215 1007
216 1007
217 1008
218 1009
219 10
220 11
221 1012
222 1013
223 1014
224 1015
225 1016
226 1017
227 1018
228 1019
229 1020
230 1021
302 22
310 23
311 24
312 25
313 1026
314 1027
315 1028
346 29
347 29
348 29
349 29
350 29
351 29
352 29
353 29
354 29
355 29
356 29
357 29
358 29
394 30
