14457 14460 5
14458 14461 5
14459 14462 5
14463 14466 5
14464 14467 5
14465 14468 5
14469 14472 5
14470 14473 5
14471 14474 5
14475 14478 5
14476 14479 5
14477 14480 5
14481 14483 5
14482 14484 5
14485 14488 14491 14494 5
14486 14489 14492 14495 5
14487 14490 14493 14496 5
14497 14500 14503 14506 5
14498 14501 14504 14507 5
14499 14502 14505 14508 5
14580 14594 5
14581 14595 5
14582 14596 5
14583 14597 5
14584 14598 5
14586 14600 5
14587 14601 5
14588 14602 5
14589 14603 5
14590 14604 5
14591 14605 5
14592 14606 5
14593 14607 5
14697 14704 14711 14718 5
14698 14705 14712 14719 5
14699 14706 14713 14720 5
14700 14707 14714 14721 5
14701 14708 14715 14722 5
14702 14709 14716 14723 5
14703 14710 14717 14724 5
2071 2074 2077 2080 2083 2086 2089 2092 2095 2098 2101 2104 2107 2110 2113 2116 5
2072 2075 2078 2081 2084 2087 2090 2093 2096 2099 2102 2105 2108 2111 2114 2117 5
2073 2076 2079 2082 2085 2088 2091 2094 2097 2100 2103 2106 2109 2112 2115 2118 5
5179 5183 5187 5191 5195 5
5200 5204 5208 5212 5216 5
15059 15061 15063 15065 15067 15069 15071 15073 15075 15077 15079 15081 15083 15085 15087 15089 5
15060 15062 15064 15066 15068 15070 15072 15074 15076 15078 15080 15082 15084 15086 15088 15090 5
15943 15946 15948 15950 15952 15954 5
15944 15947 15949 15951 15953 15955 5
15957 15959 15961 15963 15965 15967 5
15958 15960 15962 15964 15966 15968 5
15935 15937 15939 15941 5
15936 15938 15940 15942 5
16208 16212 16216 16220 16224 16228 2
16209 16213 16217 16221 16225 16229 2
16210 16214 16218 16222 16226 16230 2
16211 16215 16219 16223 16227 16231 2
16700 16711 16722 16733 5
16701 16712 16723 16734 5
16702 16713 16724 16735 5
16703 16714 16725 16736 5
16704 16715 16726 16737 5
16705 16716 16727 16738 5
16706 16717 16728 16739 5
16707 16718 16729 16740 5
16708 16719 16730 16741 5
16709 16720 16731 16742 5
16710 16721 16732 16743 5
16744 16756 16768 16780 16792 5
16745 16757 16769 16781 16793 5
16746 16758 16770 16782 16794 5
16747 16759 16771 16783 16795 5
16748 16760 16772 16784 16796 5
16749 16761 16773 16785 16797 5
16750 16762 16774 16786 16798 5
16751 16763 16775 16787 16799 5
16752 16764 16776 16788 16800 5
16753 16765 16777 16789 16801 5
16754 16766 16778 16790 16802 5
16755 16767 16779 16791 16803 5
16294 16305 16316 16327 5
16295 16306 16317 16328 5
16296 16307 16318 16329 5
16297 16308 16319 16330 5
16298 16309 16320 16331 5
16299 16310 16321 16332 5
16300 16311 16322 16333 5
16301 16312 16323 16334 5
16302 16313 16324 16335 5
16303 16314 16325 16336 5
16304 16315 16326 16337 5
16804 16816 16828 16840 16852 5
16805 16817 16829 16841 16853 5
16806 16818 16830 16842 16854 5
16807 16819 16831 16843 16855 5
16808 16820 16832 16844 16856 5
16809 16821 16833 16845 16857 5
16810 16822 16834 16846 16858 5
16811 16823 16835 16847 16859 5
16812 16824 16836 16848 16860 5
16813 16825 16837 16849 16861 5
16814 16826 16838 16850 16862 5
16815 16827 16839 16851 16863 5
17803 17809 17815 17821 17827 17833 17839 17845 17851 2
17804 17810 17816 17822 17828 17834 17840 17846 17852 2
17805 17811 17817 17823 17829 17835 17841 17847 17853 2
17806 17812 17818 17824 17830 17836 17842 17848 17854 2
17987 17993 17999 2
17988 17994 18000 2
17989 17995 18001 2
17990 17996 18002 2
17991 17997 18003 2
17992 17998 18004 2
18005 18011 18017 2
18006 18012 18018 2
18007 18013 18019 2
18008 18014 18020 2
18009 18015 18021 2
18010 18016 18022 2
18079 18086 18093 10
18080 18087 18094 10
18081 18088 18095 10
18082 18089 18096 10
18083 18090 18097 10
18084 18091 18098 10
18085 18092 18099 10
18100 18107 18114 10
18101 18108 18115 10
18102 18109 18116 10
18103 18110 18117 10
18104 18111 18118 10
18105 18112 18119 10
18106 18113 18120 10
18121 18128 18135 10
18122 18129 18136 10
18123 18130 18137 10
18124 18131 18138 10
18125 18132 18139 10
18126 18133 18140 10
18127 18134 18141 10
18142 18149 18156 10
18143 18150 18157 10
18144 18151 18158 10
18145 18152 18159 10
18146 18153 18160 10
18147 18154 18161 10
18148 18155 18162 10
18163 18170 18177 2
18164 18171 18178 2
18165 18172 18179 2
18166 18173 18180 2
18167 18174 18181 2
18168 18175 18182 2
18169 18176 18183 2
18184 18191 18198 2
18185 18192 18199 2
18186 18193 18200 2
18187 18194 18201 2
18188 18195 18202 2
18189 18196 18203 2
18190 18197 18204 2
18205 18207 18209 18211 8
18206 18208 18210 18212 8
18213 18217 18221 18225 8
18214 18218 18222 18226 8
18215 18219 18223 18227 8
18216 18220 18224 18228 8
18231 18233 18235 18237 8
18232 18234 18236 18238 8
18239 18243 18247 18251 8
18240 18244 18248 18252 8
18241 18245 18249 18253 8
18242 18246 18250 18254 8
18255 18257 18259 18261 8
18256 18258 18260 18262 8
18310 18318 18326 2
18311 18319 18327 2
18312 18320 18328 2
18313 18321 18329 2
18314 18322 18330 2
18315 18323 18331 2
18316 18324 18332 2
18317 18325 18333 2
19291 19315 19338 19361 5
19292 19316 19339 19362 5
19293 19317 19340 19363 5
19294 19318 19341 19364 5
19295 19319 19342 19365 5
19296 19320 19343 19366 5
19297 19321 19344 19367 5
19298 19322 19345 19368 5
19299 19323 19346 19369 5
19300 19324 19347 19370 5
19301 19325 19348 19371 5
19302 19326 19349 19372 5
19303 19327 19350 19373 5
19304 19328 19351 19374 5
19305 19384 6369 6370 5
19306 19329 19352 19375 5
19307 19330 19353 19376 5
19308 19331 19354 19377 5
19309 19332 19355 19378 5
19310 19333 19356 19379 5
19311 19334 19357 19380 5
19312 19335 19358 19381 5
19313 19336 19359 19382 5
19314 19337 19360 19383 5
 