2 13 0
14 25 0
26 37 0
38 49 0
50 61 0
62 73 0
74 159 0
160 247 0
248 335 0
336 421 0
422 509 0
510 597 0
598 684 0
685 761 0
762 787 0
788 871 0
872 955 0
956 1039 0
1040 1123 0
1124 1207 0
1208 1291 0
1292 1375 0
1376 1459 0
1460 1543 0
1544 1627 0
1628 1711 0
1712 1795 0
1796 1879 0
1880 1963 0
1964 2047 0
2048 2065 0
2066 2131 0
2132 2191 0
2192 2251 0
2252 2311 0
2312 2371 0
2372 2431 0
2432 2487 0
2488 2515 0
2516 2575 0
2576 2595 0
2596 2605 0
2606 2653 0
2654 2659 0
2660 2671 0
2672 2711 0
2712 2749 0
2750 2787 0
2788 2818 0
2819 2848 0
2849 2886 0
2887 2920 0
2921 2956 0
2957 2992 0
2993 3028 0
3029 3040 0
3041 3056 0
3057 3072 0
3073 3086 0
3087 3102 0
3103 3116 0
3117 3132 0
3133 3146 0
3147 3162 0
3163 3176 0
3177 3192 0
3193 3206 0
3207 3222 0
3223 3236 0
3237 3242 0
3243 3268 0
3269 3277 0
3278 3283 0
3284 3291 0
3292 3378 0
3379 3457 0
3458 3543 0
3544 3628 0
3629 3716 0
3717 3732 0
3733 3748 0
3749 3792 0
3793 3836 0
3837 3880 0
3881 3912 0
3913 3927 0
3928 4013 0
4014 4053 0
4054 4074 0
4075 4083 0
4084 4117 0
4118 4125 0
4126 4149 0
4150 4173 0
4174 4203 0
4204 4219 0
4220 4229 0
4230 4271 0
4272 4280 0
4281 4290 0
4291 4300 0
4301 4304 0
4305 4308 0
4309 4320 0
4321 4340 0
4341 4360 0
4361 4380 0
4381 4400 0
4401 4408 0
4409 4415 0
4416 4431 0
4432 4434 0
4435 4443 0
4444 4453 0
4454 4467 0
4468 4487 0
4488 4499 0
4500 4503 0
4504 4507 0
4508 4519 0
4520 4555 0
4556 4564 0
4565 4571 0
4572 4605 0
4606 4613 0
4614 4633 0
4634 4653 0
4654 4671 0
4672 4689 0
4690 4697 0
4698 4703 0
4704 4709 0
4710 4713 0
4714 4719 0
4720 4729 0
4730 4733 0
4734 4737 0
4738 4743 0
4744 4751 0
4752 4757 0
4758 4772 0
4773 4791 0
4792 4799 0
4800 4809 0
4810 4825 0
4826 4837 0
4838 4843 0
4844 4845 0
4846 4861 0
4862 4864 0
4865 4898 0
4899 4942 0
4943 4986 0
4987 5030 0
5031 5034 0
5035 5046 0
5047 5054 0
5055 5096 0
5097 5138 0
5139 5166 0
5167 5206 0
5207 5239 0
5240 5261 0
5262 5295 0
5296 5312 0
5313 5400 0
5401 5444 0
5445 5466 0
5467 5488 0
5489 5510 0
5511 5598 0
5599 5642 0
5643 5686 0
5687 5730 0
5731 5774 0
5775 5818 0
5819 5862 0
5863 5906 0
5907 5933 0
5934 6009 0
6010 6015 0
6016 6027 0
6028 6042 0
6043 6057 0
6058 6072 0
6073 6087 0
6088 6173 0
6174 6195 0
6196 6229 0
6230 6269 0
6270 6309 0
6310 6349 0
6350 6383 0
6384 6395 0
6396 6406 0
6407 6416 0
6417 6422 0
6423 6429 0
6430 6437 0
6438 6510 0
6511 6530 0
6531 6546 0
6547 6606 0
6607 6658 0
6659 6684 0
6685 6696 0
6697 6736 0
6737 6776 0
6777 6816 0
6817 6826 0
6827 6846 0
6847 6861 0
6862 6873 0
6874 6879 0
6880 6891 0
6892 6931 0
6932 6971 0
6972 7011 0
7012 7021 0
7022 7041 0
7042 7049 0
7050 7085 0
7086 7123 0
7124 7163 0
7164 7202 0
7203 7241 0
7242 7261 0
7262 7371 0
7372 7446 0
7447 7517 0
7518 7556 0
7557 7586 0
7587 7620 0
7621 7655 0
7656 7687 0
7688 7709 0
7710 7715 0
7716 7723 0
7724 7749 0
7750 7771 0
7772 7777 0
7778 7829 0
7830 7833 0
7834 7849 0
7850 7884 0
7885 7894 0
7895 7915 0
7916 7936 0
7937 7957 0
7958 7978 0
7979 7986 0
7987 8001 0
8002 8019 0
8020 8027 0
8028 8046 0
8047 8061 0
8062 8075 0
8076 8089 0
8090 8104 0
8105 8111 0
8112 8119 0
8120 8123 0
8124 8171 0
8172 8193 0
8194 8201 0
8202 8241 0
8242 8292 0
8293 8325 0
8326 8340 0
8341 8359 0
8360 8374 0
8375 8382 0
8383 8402 0
8403 8442 0
8443 8464 0
8465 8473 0
8474 8537 0
8538 8549 0
8550 8573 0
8574 8601 0
8602 8641 0
8642 8657 0
8658 8663 0
8664 8683 0
8684 8685 0
8686 8701 0
8702 8707 0
4987 5030 0
5731 5750 0
5731 5750 0
5751 5794 0
5795 5838 0
5839 5882 0
5883 5909 0
5910 5985 0
5986 5991 0
5992 6003 0
6004 6018 0
6019 6033 0
6034 6048 0
6049 6063 0
6064 6149 0
6150 6171 0
6172 6205 0
6206 6245 0
6246 6285 0
6286 6325 0
6326 6359 0
6360 6371 0
6372 6382 0
6383 6392 0
6393 6398 0
6399 6405 0
6406 6413 0
6414 6486 0
6487 6506 0
6507 6522 0
6523 6582 0
6583 6634 0
6635 6660 0
6661 6672 0
6673 6712 0
6713 6752 0
6753 6792 0
6793 6802 0
6803 6822 0
6823 6837 0
6838 6849 0
6850 6855 0
6856 6867 0
6868 6907 0
6908 6947 0
6948 6987 0
6988 6997 0
6998 7017 0
7018 7025 0
7026 7061 0
7062 7099 0
7100 7139 0
7140 7178 0
7179 7217 0
7218 7237 0
7238 7347 0
7348 7422 0
7423 7493 0
7494 7532 0
7533 7562 0
7563 7596 0
7597 7631 0
7632 7663 0
7664 7685 0
7686 7691 0
7692 7699 0
7700 7725 0
7726 7747 0
7748 7753 0
7754 7805 0
7806 7809 0
7810 7825 0
7826 7860 0
7861 7870 0
7871 7891 0
7892 7912 0
7913 7933 0
7934 7954 0
7955 7962 0
7963 7977 0
7978 7995 0
7996 8003 0
8004 8022 0
8023 8037 0
8038 8051 0
8052 8065 0
8066 8080 0
8081 8087 0
8088 8095 0
8096 8099 0
8100 8147 0
8148 8169 0
8170 8177 0
8178 8217 0
8218 8268 0
8269 8301 0
8302 8316 0
8317 8335 0
8336 8350 0
8351 8358 0
8359 8378 0
8379 8418 0
8419 8440 0
8441 8449 0
8450 8513 0
8514 8525 0
8526 8549 0
8550 8577 0
8578 8617 0
8618 8633 0
8634 8639 0
8640 8659 0
8660 8661 0
8662 8677 0
8678 8683 0
4520 4555 0
4556 4564 0
4565 4571 0
4572 4605 0
4606 4613 0
4614 4633 0
4634 4653 0
4654 4671 0
4672 4689 0
4690 4697 0
4698 4703 0
4704 4709 0
4710 4713 0
4714 4719 0
4720 4729 0
4730 4733 0
4734 4737 0
4738 4743 0
4744 4751 0
4752 4757 0
4758 4772 0
4773 4791 0
4792 4799 0
4800 4809 0
4810 4825 0
4826 4837 0
4838 4843 0
4844 4845 0
4846 4861 0
4862 4864 0
4865 4898 0
4899 4942 0
4943 4986 0
4987 5030 0
5031 5034 0
5035 5046 0
5047 5054 0
5055 5096 0
5097 5138 0
5139 5166 0
5167 5206 0
5207 5239 0
5240 5261 0
5262 5295 0
5296 5312 0
5313 5400 0
5401 5444 0
5445 5466 0
5467 5488 0
5489 5510 0
5511 5598 0
5599 5642 0
5643 5686 0
5687 5730 0
5731 5750 0
5751 5794 0
5795 5838 0
5839 5882 0
5883 5909 0
5910 5985 0
5986 5991 0
5992 6003 0
6004 6018 0
6019 6033 0
6034 6048 0
6049 6063 0
6064 6149 0
6150 6171 0
6172 6205 0
6206 6245 0
6246 6285 0
6286 6325 0
6326 6359 0
6360 6371 0
6372 6382 0
6383 6392 0
6393 6398 0
6399 6405 0
6406 6413 0
6414 6486 0
6487 6506 0
6507 6522 0
6523 6582 0
6583 6634 0
6635 6660 0
6661 6672 0
6673 6712 0
6713 6752 0
6753 6792 0
6793 6802 0
6803 6822 0
6823 6837 0
6838 6849 0
6850 6855 0
6856 6867 0
6868 6907 0
6908 6947 0
6948 6987 0
6988 6997 0
6998 7017 0
7018 7025 0
7026 7061 0
7062 7099 0
7100 7139 0
7140 7178 0
7179 7217 0
7218 7237 0
7238 7347 0
7348 7422 0
7423 7493 0
7494 7532 0
7533 7562 0
7563 7596 0
7597 7631 0
7632 7663 0
7664 7685 0
7686 7691 0
7692 7699 0
7700 7725 0
7726 7747 0
7748 7753 0
7754 7805 0
7806 7809 0
7810 7825 0
7826 7860 0
7861 7870 0
7871 7891 0
7892 7912 0
7913 7933 0
7934 7954 0
7955 7962 0
7963 7977 0
7978 7995 0
7996 8003 0
8004 8022 0
8023 8037 0
8038 8051 0
8052 8065 0
8066 8080 0
8081 8087 0
8088 8095 0
8096 8099 0
8100 8147 0
8148 8169 0
8170 8177 0
8178 8217 0
8218 8268 0
8269 8301 0
8302 8316 0
8317 8335 0
8336 8350 0
8351 8358 0
8359 8378 0
8379 8418 0
8419 8440 0
8441 8449 0
8450 8513 0
8514 8525 0
8526 8549 0
8550 8577 0
8578 8617 0
8618 8633 0
8634 8639 0
8640 8659 0
8660 8661 0
8662 8677 0
8678 8683 0
4520 4567 0
4568 4576 0
4577 4583 0
4584 4617 0
4618 4625 0
4626 4645 0
4646 4665 0
4666 4683 0
4684 4701 0
4702 4709 0
4710 4715 0
4716 4721 0
4722 4725 0
4726 4731 0
4732 4741 0
4742 4745 0
4746 4749 0
4750 4755 0
4756 4763 0
4764 4769 0
4770 4784 0
4785 4803 0
4804 4811 0
4812 4821 0
4822 4837 0
4838 4849 0
4850 4855 0
4856 4857 0
4858 4873 0
4874 4876 0
4877 4910 0
4911 4954 0
4955 4998 0
4999 5042 0
5043 5046 0
5047 5058 0
5059 5066 0
5067 5108 0
5109 5150 0
5151 5178 0
5179 5218 0
5219 5251 0
5252 5273 0
5274 5307 0
5308 5324 0
5325 5412 0
5413 5456 0
5457 5478 0
5479 5500 0
5501 5522 0
5523 5610 0
5611 5654 0
5655 5698 0
5699 5742 0
5743 5762 0
5763 5806 0
5807 5850 0
5851 5894 0
5895 5921 0
5922 5997 0
5998 6003 0
6004 6015 0
6016 6030 0
6031 6045 0
6046 6060 0
6061 6075 0
6076 6161 0
6162 6183 0
6184 6217 0
6218 6257 0
6258 6297 0
6298 6337 0
6338 6371 0
6372 6383 0
6384 6394 0
6395 6404 0
6405 6410 0
6411 6417 0
6418 6425 0
6426 6498 0
6499 6518 0
6519 6534 0
6535 6594 0
6595 6646 0
6647 6672 0
6673 6684 0
6685 6724 0
6725 6764 0
6765 6804 0
6805 6814 0
6815 6834 0
6835 6849 0
6850 6861 0
6862 6867 0
6868 6879 0
6880 6919 0
6920 6959 0
6960 6999 0
7000 7009 0
7010 7029 0
7030 7037 0
7038 7073 0
7074 7111 0
7112 7151 0
7152 7190 0
7191 7229 0
7230 7249 0
7250 7359 0
7360 7434 0
7435 7505 0
7506 7544 0
7545 7574 0
7575 7608 0
7609 7643 0
7644 7675 0
7676 7697 0
7698 7703 0
7704 7711 0
7712 7737 0
7738 7759 0
7760 7765 0
7766 7817 0
7818 7821 0
7822 7837 0
7838 7872 0
7873 7882 0
7883 7903 0
7904 7924 0
7925 7945 0
7946 7966 0
7967 7974 0
7975 7989 0
7990 8007 0
8008 8015 0
8016 8034 0
8035 8049 0
8050 8063 0
8064 8077 0
8078 8092 0
8093 8099 0
8100 8107 0
8108 8111 0
8112 8159 0
8160 8181 0
8182 8189 0
8190 8229 0
8230 8280 0
8281 8313 0
8314 8328 0
8329 8347 0
8348 8362 0
8363 8370 0
8371 8390 0
8391 8430 0
8431 8452 0
8453 8461 0
8462 8525 0
8526 8537 0
8538 8561 0
8562 8589 0
8590 8629 0
8630 8645 0
8646 8651 0
8652 8671 0
8672 8673 0
8674 8689 0
8690 8695 0
12738 12796 1
12797 12823 1
12824 12879 2
12880 12904 2
12905 12911 3
12912 12933 4
12934 12954 4
12955 12976 4
12977 12997 4
12998 13019 4
13020 13030 4
13031 13039 5
13040 13057 5
13058 13080 5
13081 13090 5
13091 13149 5
13150 13183 5
13184 13193 3
13194 13202 3
13203 13219 3
13220 13225 4
13226 13231 5
13232 13243 1
13244 13286 6
13287 13328 6
13329 13368 6
13369 13409 6
13410 13416 6
13417 13458 7
13459 13486 7
13487 13511 8
13512 13529 8
13530 13548 8
13549 13569 8
13570 13590 8
13591 13611 8
13612 13671 9
13672 13686 8
13687 13700 8
13701 13703 6
13704 13708 9
3308 3317 10
3318 3371 0
7575 7608 10
7609 7647 10
7648 7660 10
7661 7697 10
7698 7703 0
7704 7711 10
13709 13752 11
13753 13764 11
13765 13778 11
13779 13803 12
13804 13806 12
13807 13813 12
13814 13844 13
13845 13884 13
13885 13944 13
13945 13952 13
13953 13956 13
7575 7608 10
13779 13800 12
13801 13803 12
13709 13752 11
13753 13764 11
13765 13778 11
13779 13800 12
13801 13803 12
13804 13806 12
13807 13813 12
13814 13844 13
13845 13884 13
13885 13944 13
13945 13952 13
13953 13956 13
13804 13806 12
13807 13809 12
13810 13816 12
13801 13803 12
13804 13806 12
13807 13813 12
13801 13803 12
13804 13806 12
13807 13813 12
13814 13844 13
13845 13884 13
13801 13803 12
13804 13806 12
13801 13802 12
13814 13844 13
13845 13884 13
13885 13944 13
13945 13952 13
13953 13956 13
74 81 19
82 159 0
160 181 0
182 247 0
248 329 0
330 335 19
336 369 19
370 421 0
685 741 0
742 745 20
746 749 19
750 751 0
752 761 19
788 799 19
800 871 0
872 931 0
932 955 20
956 970 20
971 1039 0
1124 1207 0
1994 2005 20
2006 2041 0
2042 2047 21
2048 2065 19
2066 2119 0
2120 2131 19
2132 2139 21
2140 2191 0
2516 2575 22
2596 2605 23
2606 2653 21
2654 2659 24
2660 2671 19
2672 2711 25
2712 2749 24
2750 2759 24
2760 2787 24
2788 2807 24
2808 2818 25
2819 2828 24
2829 2838 24
2839 2848 25
3041 3048 25
3049 3056 0
3243 3250 19
3251 3268 0
3269 3277 19
3278 3283 21
3284 3291 21
4726 4731 26
4732 4741 26
4742 4745 26
13957 13971 28
13972 13981 28
13982 13996 28
13997 14006 28
13957 13971 28
13972 13981 28
13982 13996 28
13997 14006 28
13957 13971 29
13972 13981 29
13982 13991 29
13992 14009 29
14010 14025 29
14026 14068 29
14069 14083 29
14084 14093 29
14094 14108 29
14109 14118 29
14119 14134 30
752 761 19
2596 2605 31
2596 2605 31
3269 3277 19
74 81 19
2596 2605 31
2596 2605 31
14135 14182 32
14183 14196 32
14197 14226 33
14227 14242 33
14243 14284 33
14285 14294 34
14295 14314 0
14315 14324 35
14325 14331 36
14332 14360 37
14361 14433 36
14434 14444 38
14445 14457 0
14458 14485 39
14486 14509 39
14510 14527 40
14528 14539 41
14540 14567 41
14568 14580 42
14581 14594 43
14595 14608 43
14609 14620 41
14621 14632 0
14633 14652 44
14653 14662 45
14663 14668 45
14669 14676 45
14677 14688 45
14689 14697 46
14698 14718 46
14719 14725 46
14726 14749 47
14689 14697 46
14750 14751 46
14750 14751 46
14689 14697 46
14458 14485 39
14621 14632 0
14752 14759 37
14458 14485 39
14698 14704 46
14698 14718 46
14719 14725 46
14361 14433 36
14669 14676 45
14677 14688 45
14677 14688 45
14677 14688 45
14760 14769 33
14770 14779 0
14770 14779 0
14770 14779 0
14770 14779 0
14770 14779 0
14770 14779 0
14770 14779 0
14770 14779 0
14770 14779 0
14770 14780 0
14752 14759 37
14760 14769 33
14760 14769 33
82 159 0
160 181 0
182 247 0
248 329 0
330 335 19
336 369 19
370 421 0
422 509 0
510 597 0
598 684 0
685 741 0
742 745 20
746 749 19
750 751 0
752 761 19
762 787 0
788 799 19
800 871 0
872 931 0
932 955 20
956 970 20
971 1039 0
1040 1123 0
1124 1207 0
1208 1291 0
422 509 0
422 509 0
422 509 0
422 509 0
742 745 20
932 955 20
1994 2005 20
1124 1207 0
2312 2371 0
2372 2431 0
82 159 0
160 181 0
182 247 0
248 329 0
330 335 19
336 369 19
370 421 0
422 509 0
510 597 0
598 684 0
685 741 0
742 745 20
746 749 19
750 751 0
752 761 19
762 787 0
788 799 19
800 871 0
872 931 0
932 955 20
956 970 20
971 1039 0
1040 1123 0
1124 1207 0
1208 1291 0
1292 1375 0
1376 1459 0
1460 1543 0
1544 1627 0
1628 1711 0
1712 1795 0
1796 1879 0
1880 1963 0
1964 1993 0
1994 2005 20
2006 2041 0
82 159 0
160 181 0
182 247 0
248 329 0
330 335 19
336 369 19
370 421 0
422 509 0
510 597 0
598 684 0
685 741 0
742 745 20
746 749 19
750 751 0
752 761 19
762 787 0
788 799 19
800 871 0
872 931 0
932 955 20
956 970 20
971 1039 0
1040 1123 0
1124 1207 0
1208 1291 0
1292 1375 0
1376 1459 0
1460 1543 0
1544 1627 0
1628 1711 0
1712 1795 0
1796 1879 0
1880 1963 0
1964 1993 0
1994 2005 20
2006 2041 0
82 159 0
160 181 0
182 247 0
248 329 0
330 335 19
336 369 19
370 421 0
422 509 0
510 597 0
598 684 0
685 741 0
742 745 20
746 749 19
750 751 0
752 761 19
762 787 0
788 799 19
800 871 0
872 931 0
932 955 20
956 970 20
971 1039 0
1040 1123 0
1124 1207 0
1208 1291 0
1292 1375 0
1376 1459 0
1460 1543 0
1544 1627 0
1628 1711 0
1712 1795 0
1796 1879 0
1880 1963 0
1964 1993 0
1994 2005 20
2006 2041 0
2312 2371 0
2372 2431 0
3928 4013 0
4014 4053 0
4054 4074 0
4014 4055 0
4014 4053 0
4054 4074 0
4230 4271 0
2312 2371 0
2372 2431 0
2312 2371 0
2372 2431 0
82 159 0
160 181 0
182 247 0
248 329 0
330 335 19
336 369 19
370 421 0
422 509 0
510 597 0
598 684 0
685 741 0
742 745 20
746 749 19
750 751 0
752 761 19
762 787 0
788 799 19
800 871 0
872 931 0
932 955 20
956 970 20
971 1039 0
1040 1123 0
1124 1207 0
1208 1291 0
1292 1375 0
1376 1459 0
1460 1543 0
1544 1627 0
1628 1711 0
1712 1795 0
1796 1879 0
1880 1963 0
1964 1993 0
1994 2005 20
2006 2041 0
2312 2371 0
2372 2431 0
3928 4013 0
4014 4053 0
4054 4074 0
3928 4013 0
3928 4013 0
4075 4083 19
932 955 20
932 955 20
3928 4013 0
4014 4054 0
4055 4075 0
4076 4084 19
4230 4273 0
3928 4013 0
4014 4053 0
4054 4074 0
4075 4083 19
4084 4117 0
4230 4272 0
4273 4281 0
4230 4271 0
4272 4280 0
4281 4290 0
4014 4034 0
4014 4053 0
4054 4074 0
4230 4271 0
4014 4053 0
4230 4271 0
2066 2119 0
872 931 0
872 931 0
932 955 20
956 970 20
971 1039 0
1040 1123 0
1124 1207 0
1208 1291 0
1292 1375 0
1376 1459 0
1460 1543 0
1544 1627 0
1628 1711 0
1712 1795 0
1796 1879 0
1880 1963 0
1964 1993 0
872 931 0
932 955 20
956 970 20
971 1039 0
1040 1123 0
1124 1207 0
1208 1291 0
1292 1375 0
1376 1459 0
1460 1543 0
1544 1627 0
1628 1711 0
1712 1795 0
1796 1879 0
1880 1963 0
1964 1993 0
872 931 0
932 955 20
956 970 20
971 1039 0
1040 1123 0
1124 1207 0
1208 1291 0
1292 1375 0
1376 1459 0
1460 1543 0
1544 1627 0
1628 1711 0
1712 1795 0
1796 1879 0
1880 1963 0
1964 1993 0
872 931 0
932 955 20
956 970 20
971 1039 0
14781 14824 48
14825 14856 49
14857 14874 49
14875 14912 50
14913 14920 50
14921 14966 50
14967 14984 51
14985 15001 51
15002 15014 51
15015 15030 52
15031 15044 52
15045 15059 0
15060 15091 0
15092 15112 53
15113 15130 54
15131 15147 54
15148 15165 54
15166 15185 54
15186 15196 54
15197 15205 54
15206 15237 54
15238 15256 54
15257 15263 54
15264 15327 48
15328 15329 54
15330 15334 0
15335 15372 55
15373 15380 55
15381 15396 55
15397 15406 0
15407 15414 0
15415 54
15416 15426 54
15427 15438 0
15439 15454 54
15455 15471 54
15472 15492 54
15493 15510 54
15511 15526 54
2332 2379 56
2006 2041 0
2066 2119 0
800 871 0
872 931 0
932 955 20
956 970 20
971 1039 0
1040 1123 0
1124 1207 0
1208 1291 0
1292 1375 0
1376 1459 0
1460 1543 0
1544 1627 0
1628 1711 0
1712 1795 0
1796 1879 0
1880 1963 0
1964 1993 0
1994 2005 20
2006 2041 0
15527 15532 0
15472 15492 54
15060 15091 0
7506 7544 0
4444 4453 0
2 13 0
14 25 0
26 37 0
38 49 0
50 61 0
62 73 0
74 81 19
82 159 0
160 181 0
182 247 0
248 329 0
330 335 19
336 369 19
370 421 0
422 509 0
510 597 0
598 684 0
685 741 0
742 745 20
746 749 19
750 751 0
752 761 19
762 787 0
788 799 19
800 871 0
872 931 0
932 955 20
956 970 20
971 1039 0
1040 1123 0
1124 1207 0
1208 1291 0
1292 1375 0
1376 1459 0
1460 1543 0
1544 1627 0
1628 1711 0
1712 1795 0
1796 1879 0
1880 1963 0
1964 1993 0
1994 2005 20
2006 2041 0
2042 2047 21
2048 2065 19
2066 2119 0
2120 2131 19
2132 2139 21
2140 2191 0
2192 2251 0
2252 2311 0
2312 2331 0
2332 2379 56
2380 2431 0
2432 2487 0
2488 2515 0
2516 2575 22
2576 2595 0
2596 2605 31
2606 2653 21
2654 2659 24
2660 2671 19
2672 2711 25
2712 2749 24
2750 2787 24
2788 2807 24
2808 2818 25
2819 2828 24
2829 2838 25
2839 2876 0
2877 2910 0
2911 2946 0
2947 2982 0
2983 3018 0
3019 3030 0
3031 3038 25
3039 3046 0
3047 3062 0
3063 3076 0
3077 3092 0
3093 3106 0
3107 3122 0
3123 3136 0
3137 3152 0
3153 3166 0
3167 3182 0
3183 3196 0
3197 3212 0
3213 3226 0
3227 3232 0
3233 3240 19
3241 3258 0
3259 3267 19
3268 3273 21
3274 3281 21
3282 3297 0
3298 3307 10
3308 3368 0
3369 3447 0
3448 3533 0
3534 3618 0
3619 3706 0
3707 3722 0
3723 3738 0
3739 3782 0
3783 3826 0
3827 3870 0
3871 3902 0
3903 3917 0
3918 4003 0
4004 4043 0
4044 4064 0
4065 4073 19
4074 4107 0
4108 4115 0
4116 4139 0
4140 4163 0
4164 4193 0
4194 4209 0
4210 4219 0
4220 4261 0
4262 4270 0
4271 4280 0
4281 4290 0
4291 4294 0
4295 4298 0
4299 4310 0
4311 4330 0
4331 4350 0
4351 4370 0
4371 4390 0
4391 4398 0
4399 4405 0
4406 4421 0
4422 4424 0
4425 4433 0
4434 4443 0
4444 4457 0
4458 4477 0
4478 4489 0
4490 4493 0
4494 4497 0
4498 4509 0
4510 4557 0
4558 4566 0
4567 4573 0
4574 4607 0
4608 4615 0
4616 4635 0
4636 4655 0
4656 4673 0
4674 4691 0
4692 4699 0
4700 4705 0
4706 4711 0
4712 4715 0
4716 4721 26
4722 4731 26
4732 4735 26
4736 4739 0
4740 4745 0
4746 4753 0
4754 4759 0
4760 4774 0
4775 4793 0
4794 4801 0
4802 4811 0
4812 4827 0
4828 4839 0
4840 4845 0
4846 4847 0
4848 4863 0
4864 4866 0
4867 4900 0
4901 4944 0
4945 4988 0
4989 5032 0
5033 5036 0
5037 5048 0
5049 5056 0
5057 5098 0
5099 5140 0
5141 5168 0
5169 5208 0
5209 5241 0
5242 5263 0
5264 5297 0
5298 5314 0
5315 5402 0
5403 5446 0
5447 5468 0
5469 5490 0
5491 5512 0
5513 5600 0
5601 5644 0
5645 5688 0
5689 5732 0
5733 5752 0
5753 5796 0
5797 5840 0
5841 5884 0
5885 5911 0
5912 5987 0
5988 5993 0
5994 6005 0
6006 6020 0
6021 6035 0
6036 6050 0
6051 6065 0
6066 6151 0
6152 6173 0
6174 6207 0
6208 6247 0
6248 6287 0
6288 6327 0
6328 6361 0
6362 6373 0
6374 6384 0
6385 6394 0
6395 6400 0
6401 6407 0
6408 6415 0
6416 6488 0
6489 6508 0
6509 6524 0
6525 6584 0
6585 6636 0
6637 6662 0
6663 6674 0
6675 6714 0
6715 6754 0
6755 6794 0
6795 6804 0
6805 6824 0
6825 6839 0
6840 6851 0
6852 6857 0
6858 6869 0
6870 6909 0
6910 6949 0
6950 6989 0
6990 6999 0
7000 7019 0
7020 7027 0
7028 7063 0
7064 7101 0
7102 7141 0
7142 7180 0
7181 7219 0
7220 7239 0
7240 7349 0
7350 7424 0
7425 7495 0
7496 7534 0
7535 7564 0
7565 7598 10
7599 7637 10
7638 7650 10
7651 7687 10
7688 7693 0
7694 7701 10
7702 7727 0
7728 7749 0
7750 7755 0
7756 7807 0
7808 7811 0
7812 7827 0
7828 7862 0
7863 7872 0
7873 7893 0
7894 7914 0
7915 7935 0
7936 7956 0
7957 7964 0
7965 7979 0
7980 7997 0
7998 8005 0
8006 8024 0
8025 8039 0
8040 8053 0
8054 8067 0
8068 8082 0
8083 8089 0
8090 8097 0
8098 8101 0
8102 8149 0
8150 8171 0
8172 8179 0
8180 8219 0
8220 8270 0
8271 8303 0
8304 8318 0
8319 8337 0
8338 8352 0
8353 8360 0
8361 8380 0
8381 8420 0
8421 8442 0
8443 8451 0
8452 8515 0
8516 8527 0
8528 8551 0
8552 8579 0
8580 8619 0
8620 8635 0
8636 8641 0
8642 8661 0
8662 8663 0
8664 8679 0
8680 8685 0
2 13 0
14 25 0
26 37 0
38 49 0
50 61 0
62 73 0
74 81 19
82 159 0
160 181 0
182 247 0
248 329 0
330 335 19
336 369 19
370 421 0
422 509 0
510 597 0
598 684 0
685 741 0
742 745 20
746 749 19
750 751 0
752 761 19
762 787 0
788 799 19
800 871 0
872 931 0
932 955 20
956 970 20
971 1039 0
1040 1123 0
1124 1207 0
1208 1291 0
1292 1375 0
1376 1459 0
1460 1543 0
2 13 0
14 25 0
1544 1627 0
26 37 0
38 49 0
50 61 0
1628 1711 0
62 73 0
74 81 19
82 159 0
1712 1795 0
160 181 0
182 247 0
1796 1879 0
248 329 0
330 335 19
336 369 19
370 421 0
1880 1963 0
422 509 0
1964 1993 0
510 597 0
1994 2005 20
2006 2041 0
598 684 0
2042 2047 21
685 741 0
2048 2065 19
742 745 20
746 749 19
750 751 0
2066 2119 0
752 761 19
2120 2131 19
762 787 0
2132 2139 21
788 799 19
2 13 0
2140 2191 0
14 25 0
800 871 0
26 37 0
872 931 0
2192 2251 0
38 49 0
932 955 20
50 61 0
956 970 20
62 73 0
74 81 19
2252 2311 0
971 1039 0
2312 2331 0
82 159 0
160 181 0
182 247 0
248 329 0
330 335 19
2332 2379 56
336 369 19
370 421 0
2380 2431 0
1040 1123 0
422 509 0
2432 2487 0
510 597 0
2488 2515 0
598 684 0
1124 1207 0
685 741 0
742 745 20
2516 2575 22
746 749 19
750 751 0
1208 1291 0
752 761 19
2576 2595 0
762 787 0
788 799 19
2596 2605 31
1292 1375 0
2606 2653 21
800 871 0
2654 2659 24
872 931 0
2660 2671 19
932 955 20
1376 1459 0
956 970 20
1460 1543 0
2672 2711 25
971 1039 0
1544 1627 0
2712 2749 24
1040 1123 0
1628 1711 0
2750 2787 24
2788 2807 24
1712 1795 0
2808 2818 25
1124 1207 0
2819 2828 24
1796 1879 0
1208 1291 0
2829 2838 24
2839 2848 25
1292 1375 0
1880 1963 0
2849 2886 0
1964 1993 0
1376 1459 0
1994 2005 20
2887 2920 0
2006 2041 0
1460 1543 0
2042 2047 21
2048 2065 19
1544 1627 0
2921 2956 0
1628 1711 0
2066 2119 0
2120 2131 19
2132 2139 21
1712 1795 0
2140 2191 0
1796 1879 0
2192 2251 0
2252 2311 0
1880 1963 0
2312 2331 0
1964 1993 0
1994 2005 20
2957 2992 0
2006 2041 0
2042 2047 21
2048 2065 19
2332 2379 56
2066 2119 0
2380 2431 0
2120 2131 19
2993 3028 0
2132 2139 21
3029 3040 0
2432 2487 0
2140 2191 0
2488 2515 0
3041 3048 25
3049 3056 0
2192 2251 0
3057 3072 0
2516 2575 22
2252 2311 0
3073 3086 0
2576 2595 0
2312 2331 0
2596 2605 31
3087 3102 0
3103 3116 0
2606 2653 21
3117 3132 0
2654 2659 24
2332 2379 56
2660 2671 19
2380 2431 0
3133 3146 0
2432 2487 0
2672 2711 25
2488 2515 0
3147 3162 0
2712 2749 24
2516 2575 22
3163 3176 0
2750 2787 24
2576 2595 0
2788 2807 24
2596 2605 31
3177 3192 0
2808 2818 25
2606 2653 21
2819 2828 24
2654 2659 24
2829 2838 24
2660 2671 19
2839 2848 25
2672 2711 25
2849 2886 0
3193 3206 0
2712 2749 24
2887 2920 0
2750 2787 24
2788 2807 24
2808 2818 25
2819 2828 24
2921 2956 0
2829 2838 24
2839 2848 25
3207 3222 0
2849 2886 0
2887 2920 0
2921 2956 0
2957 2992 0
3223 3236 0
2957 2992 0
3237 3242 0
3243 3250 19
2993 3028 0
2993 3028 0
3251 3268 0
3029 3040 0
3029 3040 0
3269 3277 19
3041 3048 25
3278 3283 21
3049 3056 0
3284 3291 21
3057 3072 0
3073 3086 0
3292 3307 0
3087 3102 0
3308 3317 10
3103 3116 0
3117 3132 0
3133 3146 0
3318 3378 0
3147 3162 0
3163 3176 0
3379 3457 0
3458 3543 0
3177 3192 0
3544 3628 0
3193 3206 0
3629 3716 0
3717 3732 0
3733 3748 0
3749 3792 0
3207 3222 0
3793 3836 0
3837 3880 0
3881 3912 0
3913 3927 0
3223 3236 0
3237 3242 0
3243 3250 19
3928 4013 0
3251 3268 0
3269 3277 19
4014 4053 0
3278 3283 21
4054 4074 0
3284 3291 21
4075 4083 19
3292 3307 0
3308 3317 10
4084 4117 0
4118 4125 0
3318 3378 0
4126 4149 0
4150 4173 0
3379 3457 0
4174 4203 0
3458 3543 0
4204 4219 0
4220 4229 0
3544 3628 0
4230 4271 0
4272 4280 0
4281 4290 0
4291 4300 0
3629 3716 0
4301 4304 0
4305 4308 0
3717 3732 0
4309 4320 0
3733 3748 0
4321 4340 0
3749 3792 0
4341 4360 0
3793 3836 0
4361 4380 0
4381 4400 0
3837 3880 0
4401 4408 0
4409 4415 0
3881 3912 0
4416 4431 0
3913 3927 0
4432 4434 0
4435 4443 0
4444 4453 0
3928 4013 0
4454 4467 0
4468 4487 0
4014 4053 0
4488 4499 0
4054 4074 0
4500 4503 0
4075 4083 19
4504 4507 0
4508 4519 0
4084 4117 0
4118 4125 0
4520 4567 0
4126 4149 0
4568 4576 0
4577 4583 0
4150 4173 0
4584 4617 0
4618 4625 0
4174 4203 0
4204 4219 0
4626 4645 0
4220 4229 0
4646 4665 0
4230 4271 0
4666 4683 0
4272 4280 0
4281 4290 0
4684 4701 0
3041 3048 25
4702 4709 0
4291 4300 0
4301 4304 0
3049 3056 0
4710 4715 0
4305 4308 0
4716 4721 0
3057 3072 0
4309 4320 0
4722 4725 0
3073 3086 0
4321 4340 0
4726 4731 26
4341 4360 0
4732 4741 26
4361 4380 0
3087 3102 0
4742 4745 26
4381 4400 0
4746 4749 0
3103 3116 0
4401 4408 0
4409 4415 0
4750 4755 0
3117 3132 0
4416 4431 0
4756 4763 0
3133 3146 0
4432 4434 0
4435 4443 0
4764 4769 0
4444 4453 0
3147 3162 0
4454 4467 0
3163 3176 0
4468 4487 0
4770 4784 0
4488 4499 0
4500 4503 0
4785 4803 0
4504 4507 0
4508 4519 0
4804 4811 0
3177 3192 0
4812 4821 0
4520 4567 0
4568 4576 0
4822 4837 0
4577 4583 0
3193 3206 0
4584 4617 0
4838 4849 0
4618 4625 0
4850 4855 0
4856 4857 0
4626 4645 0
4646 4665 0
4858 4873 0
4874 4876 0
4666 4683 0
4684 4701 0
4877 4910 0
4702 4709 0
4710 4715 0
4716 4721 0
4722 4725 0
3207 3222 0
4911 4954 0
4726 4731 26
4732 4741 26
4955 4998 0
4742 4745 26
4746 4749 0
4750 4755 0
4756 4763 0
4999 5042 0
5043 5046 0
4764 4769 0
5047 5058 0
3223 3236 0
5059 5066 0
4770 4784 0
3237 3242 0
4785 4803 0
5067 5108 0
4804 4811 0
5109 5150 0
4812 4821 0
4822 4837 0
5151 5178 0
4838 4849 0
4850 4855 0
5179 5218 0
4856 4857 0
4858 4873 0
5219 5251 0
4874 4876 0
4877 4910 0
5252 5273 0
4911 4954 0
4955 4998 0
4999 5042 0
5274 5307 0
5043 5046 0
5308 5324 0
5047 5058 0
5059 5066 0
5067 5108 0
5325 5412 0
5109 5150 0
5413 5456 0
5151 5178 0
5457 5478 0
5179 5218 0
5479 5500 0
5219 5251 0
5501 5522 0
5252 5273 0
5523 5610 0
2 13 0
5611 5654 0
14 25 0
5655 5698 0
5274 5307 0
26 37 0
5308 5324 0
5699 5742 0
38 49 0
5743 5762 0
50 61 0
62 73 0
5763 5806 0
74 81 19
5325 5412 0
5413 5456 0
5457 5478 0
5807 5850 0
5479 5500 0
82 159 0
5501 5522 0
5851 5894 0
160 181 0
5895 5921 0
5523 5610 0
5611 5654 0
182 247 0
5655 5698 0
5922 5997 0
5699 5742 0
5998 6003 0
248 329 0
5743 5762 0
6004 6015 0
330 335 19
5763 5806 0
6016 6030 0
336 369 19
6031 6045 0
5807 5850 0
6046 6060 0
370 421 0
5851 5894 0
6061 6075 0
5895 5921 0
422 509 0
5922 5997 0
5998 6003 0
6076 6161 0
6004 6015 0
6016 6030 0
6162 6183 0
6031 6045 0
510 597 0
6046 6060 0
6184 6217 0
6061 6075 0
6218 6257 0
598 684 0
6076 6161 0
6258 6297 0
6162 6183 0
685 741 0
742 745 20
6184 6217 0
746 749 19
750 751 0
6298 6337 0
6218 6257 0
752 761 19
6258 6297 0
6338 6371 0
762 787 0
6372 6383 0
788 799 19
6298 6337 0
6338 6371 0
6384 6394 0
6372 6383 0
6395 6404 0
6384 6394 0
6405 6410 0
6395 6404 0
6411 6417 0
6405 6410 0
6411 6417 0
6418 6425 0
800 871 0
6418 6425 0
6426 6498 0
6426 6498 0
872 931 0
6499 6518 0
6499 6518 0
6519 6534 0
6519 6534 0
932 955 20
956 970 20
6535 6594 0
6535 6594 0
6595 6646 0
6595 6646 0
971 1039 0
6647 6672 0
6647 6672 0
6673 6684 0
6673 6684 0
6685 6724 0
6685 6724 0
6725 6764 0
6725 6764 0
1040 1123 0
6765 6804 0
6765 6804 0
6805 6814 0
6805 6814 0
6815 6834 0
6815 6834 0
6835 6849 0
6835 6849 0
6850 6861 0
6850 6861 0
6862 6867 0
6862 6867 0
6868 6879 0
6868 6879 0
6880 6919 0
6880 6919 0
6920 6959 0
6920 6959 0
6960 6999 0
6960 6999 0
1124 1207 0
7000 7009 0
7000 7009 0
7010 7029 0
7010 7029 0
7030 7037 0
7030 7037 0
1208 1291 0
7038 7073 0
7038 7073 0
7074 7111 0
7074 7111 0
7112 7151 0
7112 7151 0
7152 7190 0
7152 7190 0
1292 1375 0
7191 7229 0
7191 7229 0
7230 7249 0
7230 7249 0
7250 7359 0
7250 7359 0
1376 1459 0
7360 7434 0
7360 7434 0
1460 1543 0
7435 7505 0
7435 7505 0
1544 1627 0
7506 7544 0
7506 7544 0
1628 1711 0
7545 7574 0
7545 7574 0
7575 7608 10
7575 7608 10
1712 1795 0
7609 7647 10
7609 7647 10
7648 7660 10
7648 7660 10
7661 7697 10
7661 7697 10
7698 7703 0
1796 1879 0
7698 7703 0
7704 7711 10
7704 7711 10
7712 7737 0
7712 7737 0
7738 7759 0
7738 7759 0
7760 7765 0
7760 7765 0
7766 7817 0
7766 7817 0
1880 1963 0
7818 7821 0
7818 7821 0
7822 7837 0
7822 7837 0
1964 1993 0
7838 7872 0
7838 7872 0
1994 2005 20
7873 7882 0
7873 7882 0
7883 7903 0
7883 7903 0
2006 2041 0
7904 7924 0
2042 2047 21
7904 7924 0
7925 7945 0
7925 7945 0
2048 2065 19
7946 7966 0
7946 7966 0
2066 2119 0
7967 7974 0
7967 7974 0
2120 2131 19
2132 2139 21
7975 7989 0
7975 7989 0
7990 8007 0
7990 8007 0
2140 2191 0
8008 8015 0
8008 8015 0
8016 8034 0
8016 8034 0
2192 2251 0
8035 8049 0
8035 8049 0
8050 8063 0
8050 8063 0
8064 8077 0
8064 8077 0
2252 2311 0
8078 8092 0
8078 8092 0
2312 2331 0
8093 8099 0
8100 8107 0
8108 8111 0
8093 8099 0
8112 8159 0
8100 8107 0
8108 8111 0
2332 2379 56
8160 8181 0
8112 8159 0
8182 8189 0
2380 2431 0
8160 8181 0
8182 8189 0
8190 8229 0
2432 2487 0
8190 8229 0
2488 2515 0
8230 8280 0
8230 8280 0
2516 2575 22
8281 8313 0
2576 2595 0
8281 8313 0
8314 8328 0
8314 8328 0
2596 2605 31
8329 8347 0
8329 8347 0
2606 2653 21
8348 8362 0
8348 8362 0
2654 2659 24
8363 8370 0
8363 8370 0
2660 2671 19
8371 8390 0
8371 8390 0
2672 2711 25
8391 8430 0
8391 8430 0
8431 8452 0
8431 8452 0
2712 2749 24
8453 8461 0
8453 8461 0
2750 2787 24
8462 8525 0
8462 8525 0
8526 8537 0
8526 8537 0
2788 2807 24
8538 8561 0
8538 8561 0
2808 2818 25
2819 2828 24
2829 2838 24
8562 8589 0
8562 8589 0
2839 2848 25
8590 8629 0
8590 8629 0
8630 8645 0
8630 8645 0
2849 2886 0
8646 8651 0
8646 8651 0
8652 8671 0
8652 8671 0
8672 8673 0
8672 8673 0
2887 2920 0
8674 8689 0
8674 8689 0
8690 8695 0
8690 8695 0
2921 2956 0
2957 2992 0
2993 3028 0
3029 3040 0
3041 3048 25
3049 3056 0
3057 3072 0
3073 3086 0
3087 3102 0
3103 3116 0
3117 3132 0
3133 3146 0
3147 3162 0
3163 3176 0
3177 3192 0
3193 3206 0
3207 3222 0
3223 3236 0
3237 3242 0
3243 3250 19
3251 3268 0
3269 3277 19
3278 3283 21
3284 3291 21
3292 3307 0
3308 3317 10
3318 3378 0
3379 3457 0
3458 3543 0
3544 3628 0
3629 3716 0
3717 3732 0
3733 3748 0
3749 3792 0
3793 3836 0
3837 3880 0
3881 3912 0
3913 3927 0
3928 4013 0
4014 4053 0
4054 4074 0
4075 4083 19
4084 4117 0
4118 4125 0
4126 4149 0
4150 4173 0
4174 4203 0
4204 4219 0
4220 4229 0
4230 4271 0
4272 4280 0
4281 4290 0
4291 4300 0
4301 4304 0
4305 4308 0
4309 4320 0
4321 4340 0
4341 4360 0
4361 4380 0
4381 4400 0
4401 4408 0
4409 4415 0
4416 4431 0
4432 4434 0
4435 4443 0
4444 4453 0
4454 4467 0
4468 4487 0
4488 4499 0
4500 4503 0
4504 4507 0
4508 4519 0
4520 4567 0
4568 4576 0
4577 4583 0
4584 4617 0
4618 4625 0
4626 4645 0
4646 4665 0
4666 4683 0
4684 4701 0
4702 4709 0
4710 4715 0
4716 4721 0
4722 4725 0
4726 4731 26
4732 4741 26
4742 4745 26
4746 4749 0
4750 4755 0
4756 4763 0
4764 4769 0
4770 4784 0
4785 4803 0
4804 4811 0
4812 4821 0
4822 4837 0
4838 4849 0
4850 4855 0
4856 4857 0
4858 4873 0
4874 4876 0
4877 4910 0
4911 4954 0
4955 4998 0
4999 5042 0
5043 5046 0
5047 5058 0
5059 5066 0
5067 5108 0
5109 5150 0
5151 5178 0
5179 5218 0
5219 5251 0
5252 5273 0
5274 5307 0
5308 5324 0
5325 5412 0
5413 5456 0
5457 5478 0
5479 5500 0
5501 5522 0
5523 5610 0
5611 5654 0
5655 5698 0
5699 5742 0
5743 5762 0
5763 5806 0
5807 5850 0
5851 5894 0
5895 5921 0
5922 5997 0
5998 6003 0
6004 6015 0
6016 6030 0
6031 6045 0
6046 6060 0
6061 6075 0
6076 6161 0
6162 6183 0
6184 6217 0
6218 6257 0
6258 6297 0
6298 6337 0
6338 6371 0
6372 6383 0
6384 6394 0
6395 6404 0
6405 6410 0
6411 6417 0
6418 6425 0
6426 6498 0
6499 6518 0
6519 6534 0
6535 6594 0
6595 6646 0
6647 6672 0
6673 6684 0
6685 6724 0
6725 6764 0
6765 6804 0
6805 6814 0
6815 6834 0
6835 6849 0
6850 6861 0
6862 6867 0
6868 6879 0
6880 6919 0
6920 6959 0
6960 6999 0
7000 7009 0
7010 7029 0
7030 7037 0
7038 7073 0
7074 7111 0
7112 7151 0
7152 7190 0
7191 7229 0
7230 7249 0
7250 7359 0
7360 7434 0
7435 7505 0
7506 7544 0
7545 7574 0
7575 7608 10
7609 7647 10
7648 7660 10
7661 7697 10
7698 7703 0
7704 7711 10
7712 7737 0
7738 7759 0
7760 7765 0
7766 7817 0
7818 7821 0
7822 7837 0
7838 7872 0
7873 7882 0
7883 7903 0
7904 7924 0
7925 7945 0
7946 7966 0
7967 7974 0
7975 7989 0
7990 8007 0
8008 8015 0
8016 8034 0
8035 8049 0
8050 8063 0
8064 8077 0
8078 8092 0
8093 8099 0
8100 8107 0
8108 8111 0
8112 8159 0
8160 8181 0
8182 8189 0
8190 8229 0
8230 8280 0
8281 8313 0
8314 8328 0
8329 8347 0
8348 8362 0
8363 8370 0
8371 8390 0
8391 8430 0
8431 8452 0
8453 8461 0
8462 8525 0
8526 8537 0
8538 8561 0
8562 8589 0
8590 8629 0
8630 8645 0
8646 8651 0
8652 8671 0
8672 8673 0
8674 8689 0
8690 8695 0
2 13 0
14 25 0
26 37 0
38 49 0
50 61 0
62 73 0
74 81 19
82 159 0
160 181 0
182 247 0
248 329 0
330 335 19
336 369 19
370 421 0
422 509 0
510 597 0
598 684 0
685 741 0
742 745 20
746 749 19
750 751 0
752 761 19
762 787 0
788 799 19
800 871 0
872 931 0
932 955 20
956 970 20
971 1039 0
1040 1123 0
1124 1207 0
1208 1291 0
1292 1375 0
1376 1459 0
1460 1543 0
1544 1627 0
1628 1711 0
1712 1795 0
1796 1879 0
1880 1963 0
1964 1993 0
1994 2005 20
2006 2041 0
2042 2047 21
2048 2065 19
2066 2119 0
2120 2131 19
2132 2139 21
2140 2191 0
2192 2251 0
2252 2311 0
2312 2331 0
2332 2379 56
2380 2431 0
2432 2487 0
2488 2515 0
2516 2575 22
2576 2595 0
2596 2605 31
2606 2653 21
2654 2659 24
2660 2671 19
2672 2711 25
2712 2749 24
2750 2787 24
2788 2807 24
2808 2818 25
2819 2828 24
2829 2838 24
2839 2848 25
2849 2886 0
2887 2920 0
2921 2956 0
2957 2992 0
2993 3028 0
3029 3040 0
3041 3048 25
3049 3056 0
3057 3072 0
3073 3086 0
3087 3102 0
3103 3116 0
3117 3132 0
3133 3146 0
3147 3162 0
3163 3176 0
3177 3192 0
3193 3206 0
3207 3222 0
3223 3236 0
3237 3242 0
3243 3250 19
3251 3268 0
3269 3277 19
3278 3283 21
3284 3291 21
3292 3307 0
3308 3317 10
3318 3378 0
3379 3457 0
3458 3543 0
3544 3628 0
3629 3716 0
3717 3732 0
3733 3748 0
3749 3792 0
3793 3836 0
3837 3880 0
3881 3912 0
3913 3927 0
3928 4013 0
4014 4053 0
4054 4074 0
4075 4083 19
4084 4117 0
4118 4125 0
4126 4149 0
4150 4173 0
4174 4203 0
4204 4219 0
4220 4229 0
4230 4271 0
4272 4280 0
4281 4290 0
4291 4300 0
4301 4304 0
4305 4308 0
4309 4320 0
4321 4340 0
4341 4360 0
4361 4380 0
4381 4400 0
4401 4408 0
4409 4415 0
4416 4431 0
4432 4434 0
4435 4443 0
4444 4453 0
4454 4467 0
4468 4487 0
4488 4499 0
4500 4503 0
4504 4507 0
4508 4519 0
4520 4567 0
4568 4576 0
4577 4583 0
4584 4617 0
4618 4625 0
4626 4645 0
4646 4665 0
4666 4683 0
4684 4701 0
4702 4709 0
4710 4715 0
4716 4721 0
4722 4725 0
4726 4731 26
4732 4741 26
4742 4745 26
4746 4749 0
4750 4755 0
4756 4763 0
4764 4769 0
4770 4784 0
4785 4803 0
4804 4811 0
4812 4821 0
4822 4837 0
4838 4849 0
4850 4855 0
4856 4857 0
4858 4873 0
4874 4876 0
4877 4910 0
4911 4954 0
4955 4998 0
4999 5042 0
5043 5046 0
5047 5058 0
5059 5066 0
5067 5108 0
5109 5150 0
5151 5178 0
5179 5218 0
5219 5251 0
5252 5273 0
5274 5307 0
5308 5324 0
5325 5412 0
5413 5456 0
5457 5478 0
5479 5500 0
5501 5522 0
5523 5610 0
5611 5654 0
5655 5698 0
5699 5742 0
5743 5762 0
5763 5806 0
5807 5850 0
5851 5894 0
5895 5921 0
5922 5997 0
5998 6003 0
6004 6015 0
6016 6030 0
6031 6045 0
6046 6060 0
6061 6075 0
6076 6161 0
6162 6183 0
6184 6217 0
6218 6257 0
6258 6297 0
6298 6337 0
6338 6371 0
6372 6383 0
6384 6394 0
6395 6404 0
6405 6410 0
6411 6417 0
6418 6425 0
6426 6498 0
6499 6518 0
6519 6534 0
6535 6594 0
6595 6646 0
6647 6672 0
6673 6684 0
6685 6724 0
6725 6764 0
6765 6804 0
6805 6814 0
6815 6834 0
6835 6849 0
6850 6861 0
6862 6867 0
6868 6879 0
6880 6919 0
6920 6959 0
6960 6999 0
7000 7009 0
7010 7029 0
7030 7037 0
7038 7073 0
7074 7111 0
7112 7151 0
7152 7190 0
7191 7229 0
7230 7249 0
7250 7359 0
7360 7434 0
7435 7505 0
7506 7544 0
7545 7574 0
7575 7608 10
7609 7647 10
7648 7660 10
7661 7697 10
7698 7703 0
7704 7711 10
7712 7737 0
7738 7759 0
7760 7765 0
7766 7817 0
7818 7821 0
7822 7837 0
7838 7872 0
7873 7882 0
7883 7903 0
7904 7924 0
7925 7945 0
7946 7966 0
7967 7974 0
7975 7989 0
7990 8007 0
8008 8015 0
8016 8034 0
8035 8049 0
8050 8063 0
8064 8077 0
8078 8092 0
8093 8099 0
8100 8107 0
8108 8111 0
8112 8159 0
8160 8181 0
8182 8189 0
8190 8229 0
8230 8280 0
8281 8313 0
8314 8328 0
8329 8347 0
8348 8362 0
8363 8370 0
8371 8390 0
8391 8430 0
8431 8452 0
8453 8461 0
8462 8525 0
8526 8537 0
8538 8561 0
8562 8589 0
8590 8629 0
8630 8645 0
8646 8651 0
8652 8671 0
8672 8673 0
8674 8689 0
8690 8695 0
10014 10019 0
10020 10033 0
10034 10051 0
10052 10059 0
10060 10085 0
10086 10103 0
10104 10121 0
10122 10130 0
10131 10140 0
10141 10154 0
10155 10168 0
10169 10184 0
10185 10222 0
10223 10237 0
10238 10253 0
10254 10338 0
10339 10400 0
10401 10421 0
10422 10483 0
10484 10489 0
10490 10502 0
10503 10521 0
10522 10540 0
10541 10574 0
10575 10592 0
10593 10605 0
10606 10620 0
10621 10632 0
10633 10670 0
10671 10704 0
10705 10736 0
10737 10774 0
10775 10810 0
10811 10845 0
10846 10881 0
10882 10913 0
10914 10945 0
10946 10989 0
10990 11003 0
11004 11061 0
11062 11087 0
11088 11104 0
11105 11121 0
11122 11134 0
11135 11149 0
11150 11175 0
11176 11208 0
11209 11241 0
11242 11274 0
11275 11308 0
11309 11347 0
11348 11373 0
11374 11409 0
11410 11421 0
11422 11438 0
11439 11456 0
11457 11469 0
11470 11482 0
11483 11517 0
11518 11568 0
11569 11627 0
11628 11680 0
11681 11736 0
11737 11776 0
11777 11812 0
11813 11822 0
11823 11830 0
11831 11851 0
11852 11872 0
11873 11890 0
11891 11906 0
11907 11912 0
11913 11971 0
11972 12031 0
12032 12087 0
12088 12102 0
12103 12124 0
12125 12175 0
12176 12193 0
12194 12214 0
12215 12231 0
12232 12250 0
12251 12271 0
12272 12277 0
12278 12299 0
12300 12314 0
12315 12353 0
12354 12370 0
12371 12379 0
12380 12381 0
12382 12403 0
12404 12411 0
12412 12451 0
12452 12502 0
12503 12535 0
12536 12550 0
12551 12569 0
12570 12584 0
12585 12592 0
12593 12632 0
12633 12656 0
12657 12696 0
12697 12725 0
12726 12737 0
12738 12796 1
12797 12823 1
12824 12879 2
12880 12904 2
12905 12911 3
12912 12933 4
12934 12954 4
12955 12976 4
12977 12997 4
12998 13019 4
13020 13030 4
13031 13039 5
13040 13057 5
13058 13080 5
13081 13090 5
13091 13149 5
13150 13183 5
13184 13193 3
13194 13202 3
13203 13219 3
13220 13225 4
13226 13231 5
13232 13243 1
13244 13286 6
13287 13328 6
13329 13368 6
13369 13409 6
13410 13416 6
13417 13458 7
13459 13486 7
13487 13511 8
13512 13529 8
13530 13548 8
13549 13569 8
13570 13590 8
13591 13611 8
13612 13671 9
13672 13686 8
13687 13700 8
13701 13703 6
13704 13708 9
13709 13752 11
13709 13752 11
13753 13764 11
13765 13778 11
13779 13800 12
13801 13802 12
13803 13805 12
13806 13812 12
13813 13843 13
13844 13883 13
13884 13943 13
13944 13951 13
13952 13955 13
13957 13971 29
13972 13981 29
13982 13991 29
13992 14009 29
14010 14025 29
14026 14068 29
14069 14083 29
14084 14093 29
14094 14108 29
14109 14118 29
14119 14134 30
14135 14182 32
14183 14196 32
14197 14226 33
14227 14242 33
14243 14284 33
14285 14294 34
14295 14314 0
14315 14324 35
14325 14331 36
14332 14360 37
14361 14433 36
14434 14444 38
14445 14457 0
14458 14485 39
14486 14509 39
14510 14527 40
14528 14539 41
14540 14567 41
14568 14580 42
14581 14594 43
14595 14608 43
14609 14620 41
14621 14632 0
14633 14652 44
14653 14662 45
14663 14668 45
14669 14676 45
14677 14688 45
14689 14697 46
14698 14718 46
14719 14725 46
14726 14749 47
14750 14751 46
14752 14759 37
14760 14769 33
14770 14780 0
14781 14824 48
14825 14856 49
14857 14874 49
14875 14912 50
14913 14920 50
14921 14966 50
14967 14984 51
14985 15001 51
15002 15014 51
15015 15030 52
15031 15044 52
15045 15059 0
15060 15091 0
15092 15112 53
15113 15130 54
15131 15147 54
15148 15165 54
15166 15185 54
15186 15196 54
15197 15205 54
15206 15237 54
15238 15256 54
15257 15263 54
15264 15327 48
15328 15329 54
15330 15334 0
15335 15372 55
15373 15380 55
15381 15396 55
15397 15406 0
15407 15414 0
15415 54
15416 15426 54
15427 15438 0
15439 15454 54
15455 15471 54
15472 15492 54
15493 15510 54
15511 15526 54
15527 15532 0
14 25 57
26 37 57
38 49 58
50 61 58
62 73 58
679 702 59
703 741 0
742 743 60
744 751 19
679 702 59
703 706 20
707 710 19
711 712 0
713 714 60
715 722 19
679 702 59
703 706 20
707 710 19
711 712 0
713 714 60
715 722 19
679 702 59
703 741 0
742 745 20
746 749 19
750 751 0
752 753 60
754 761 19
2030 2041 61
2042 2047 21
2048 2064 60
2065 2079 60
2065 2118 0
2048 2064 60
2120 2131 60
2468 2487 62
14 25 0
26 37 0
38 49 0
50 61 0
62 73 0
74 85 0
86 93 1
94 171 0
172 193 0
194 259 0
260 341 0
342 347 1
348 381 1
382 433 0
434 521 0
522 609 0
610 696 0
697 753 0
754 757 2
758 761 1
762 763 0
764 773 1
774 799 0
800 811 1
812 883 0
884 943 0
944 967 2
968 982 2
983 1051 0
1052 1135 0
1136 1219 0
1220 1303 0
1304 1387 0
1388 1471 0
1472 1555 0
1556 1639 0
1640 1723 0
1724 1807 0
1808 1891 0
1892 1975 0
1976 2005 0
2006 2017 2
2018 2053 0
2054 2059 3
2060 2077 1
2078 2131 0
2132 2143 1
2144 2151 3
2152 2203 0
2204 2263 0
2264 2323 0
2324 2343 0
2344 2391 4
2392 2443 0
2444 2499 0
2500 2527 0
2528 2587 5
2588 2607 0
2608 2617 6
2618 2665 3
2666 2671 7
2672 2683 1
2684 2723 8
2724 2761 7
2762 2799 7
2800 2819 7
2820 2830 8
2831 2840 7
2841 2850 7
2851 2860 8
2861 2898 0
2899 2932 0
2933 2968 0
2969 3004 0
3005 3040 0
3041 3052 0
3053 3060 8
3061 3068 0
3069 3084 0
3085 3098 0
3099 3114 0
3115 3128 0
3129 3144 0
3145 3158 0
3159 3174 0
3175 3188 0
3189 3204 0
3205 3218 0
3219 3234 0
3235 3248 0
3249 3254 0
3255 3262 1
3263 3280 0
3281 3289 1
3290 3295 3
3296 3303 3
3304 3319 0
3320 3329 9
3330 3390 0
3391 3469 0
3470 3555 0
3556 3640 0
3641 3728 0
3729 3744 0
3745 3760 0
3761 3804 0
3805 3848 0
3849 3892 0
3893 3924 0
3925 3939 0
3940 4025 0
4026 4065 0
4066 4086 0
4087 4095 1
4096 4129 0
4130 4137 0
4138 4161 0
4162 4185 0
4186 4215 0
4216 4231 0
4232 4241 0
4242 4283 0
4284 4292 0
4293 4302 0
4303 4312 0
4313 4316 0
4317 4320 0
4321 4332 0
4333 4352 0
4353 4372 0
4373 4392 0
4393 4412 0
4413 4420 0
4421 4427 0
4428 4443 0
4444 4446 0
4447 4455 0
4456 4465 0
4466 4479 0
4480 4499 0
4500 4511 0
4512 4515 0
4516 4519 0
4520 4531 0
4532 4579 0
4580 4588 0
4589 4595 0
4596 4629 0
4630 4637 0
4638 4657 0
4658 4677 0
4678 4695 0
4696 4713 0
4714 4721 0
4722 4727 0
4728 4733 0
4734 4737 0
4738 4743 10
4744 4753 10
4754 4757 10
4758 4761 0
4762 4767 0
4768 4775 0
4776 4781 0
4782 4796 0
4797 4815 0
4816 4823 0
4824 4833 0
4834 4849 0
4850 4861 0
4862 4867 0
4868 4869 0
4870 4885 0
4886 4888 0
4889 4922 0
4923 4966 0
4967 5010 0
5011 5054 0
5055 5058 0
5059 5070 0
5071 5078 0
5079 5120 0
5121 5162 0
5163 5190 0
5191 5230 0
5231 5263 0
5264 5285 0
5286 5319 0
5320 5336 0
5337 5424 0
5425 5468 0
5469 5490 0
5491 5512 0
5513 5534 0
5535 5622 0
5623 5666 0
5667 5710 0
5711 5754 0
5755 5774 0
5775 5818 0
5819 5862 0
5863 5906 0
5907 5933 0
5934 6009 0
6010 6015 0
6016 6027 0
6028 6042 0
6043 6057 0
6058 6072 0
6073 6087 0
6088 6173 0
6174 6195 0
6196 6229 0
6230 6269 0
6270 6309 0
6310 6349 0
6350 6383 0
6384 6395 0
6396 6406 0
6407 6416 0
6417 6422 0
6423 6429 0
6430 6437 0
6438 6510 0
6511 6530 0
6531 6546 0
6547 6606 0
6607 6658 0
6659 6684 0
6685 6696 0
6697 6736 0
6737 6776 0
6777 6816 0
6817 6826 0
6827 6846 0
6847 6861 0
6862 6873 0
6874 6879 0
6880 6891 0
6892 6931 0
6932 6971 0
6972 7011 0
7012 7021 0
7022 7041 0
7042 7049 0
7050 7085 0
7086 7123 0
7124 7163 0
7164 7202 0
7203 7241 0
7242 7261 0
7262 7371 0
7372 7446 0
7447 7517 0
7518 7556 0
7557 7586 0
7587 7620 9
7621 7659 9
7660 7672 9
7673 7709 9
7710 7715 0
7716 7723 9
7724 7749 0
7750 7771 0
7772 7777 0
7778 7829 0
7830 7833 0
7834 7849 0
7850 7884 0
7885 7894 0
7895 7915 0
7916 7936 0
7937 7957 0
7958 7978 0
7979 7986 0
7987 8001 0
8002 8019 0
8020 8027 0
8028 8046 0
8047 8061 0
8062 8075 0
8076 8089 0
8090 8104 0
8105 8111 0
8112 8119 0
8120 8123 0
8124 8171 0
8172 8193 0
8194 8201 0
8202 8241 0
8242 8292 0
8293 8325 0
8326 8340 0
8341 8359 0
8360 8374 0
8375 8382 0
8383 8402 0
8403 8442 0
8443 8464 0
8465 8473 0
8474 8537 0
8538 8549 0
8550 8573 0
8574 8601 0
8602 8641 0
8642 8657 0
8658 8663 0
8664 8683 0
8684 8685 0
8686 8701 0
8702 8707 0
12738 12796 11
12797 12823 11
12824 12879 12
12880 12904 12
12905 12911 13
12912 12933 14
12934 12954 14
12955 12976 14
12977 12997 14
12998 13019 14
13020 13030 14
13031 13039 15
13040 13057 15
13058 13080 15
13081 13090 15
13091 13149 15
13150 13183 15
13184 13193 13
13194 13202 13
13203 13219 13
13220 13225 14
13226 13231 15
13232 13243 11
13244 13286 16
13287 13328 16
13329 13368 16
13369 13409 16
13410 13416 16
13417 13458 17
13459 13486 17
13487 13511 18
13512 13529 18
13530 13548 18
13549 13569 18
13570 13590 18
13591 13611 18
13612 13671 19
13672 13686 18
13687 13700 18
13701 13703 16
13704 13708 19
13709 13752 20
13753 13764 20
13765 13778 20
13779 13800 21
13801 13802 21
13803 13805 21
13806 13812 21
13813 13843 22
13844 13883 22
13884 13943 22
13944 13951 22
13952 13955 22
13957 13971 23
13972 13981 23
13982 13991 23
13992 14009 23
14010 14025 23
14026 14068 23
14069 14083 23
14084 14093 23
14094 14108 23
14109 14118 23
14119 14134 24
14135 14182 25
14183 14196 25
14197 14226 26
14227 14242 26
14243 14284 26
14285 14294 27
14295 14314 0
14315 14324 28
14325 14331 29
14332 14360 30
14361 14433 29
14434 14444 31
14445 14457 0
14458 14485 32
14486 14509 32
14510 14527 33
14528 14539 34
14540 14567 34
14568 14580 35
14581 14594 36
14595 14608 36
14609 14620 34
14621 14632 0
14633 14652 37
14653 14662 38
14663 14668 38
14669 14676 38
14677 14688 38
14689 14697 39
14698 14718 39
14719 14725 39
14726 14749 40
14750 14751 39
14752 14759 30
14760 14769 26
14770 14780 0
14781 14824 41
14825 14856 42
14857 14874 42
14875 14912 43
14913 14920 43
14921 14966 43
14967 14984 44
14985 15001 44
15002 15014 44
15015 15030 45
15031 15044 45
15045 15059 0
15060 15091 0
15092 15112 46
15113 15130 47
15131 15147 47
15148 15165 47
15166 15185 47
15186 15196 47
15197 15205 47
15206 15237 47
15238 15256 47
15257 15263 47
15264 15327 41
15328 15329 47
15330 15334 0
15335 15372 48
15373 15380 48
15381 15396 48
15397 15406 0
15407 15414 0
15415 47
15416 15426 47
15427 15438 0
15439 15454 47
15455 15471 47
15472 15492 47
15493 15510 47
15511 15526 47
15527 15532 0
2 13 0
14 25 0
26 37 0
38 49 0
50 61 0
62 73 0
74 81 1
82 159 0
160 181 0
182 247 0
248 329 0
330 335 1
336 369 1
370 421 0
422 509 0
510 597 0
598 684 0
685 741 0
742 745 2
746 749 1
750 751 0
752 761 1
762 787 0
788 799 1
800 871 0
872 931 0
932 955 2
956 970 2
971 1039 0
1040 1123 0
1124 1207 0
1208 1291 0
1292 1375 0
1376 1459 0
1460 1543 0
1544 1627 0
1628 1711 0
1712 1795 0
1796 1879 0
1880 1963 0
1964 1993 0
1994 2005 2
2006 2041 0
2042 2047 3
2048 2065 1
2066 2119 0
2120 2131 1
2132 2139 3
2140 2191 0
2192 2251 0
2252 2311 0
2312 2331 0
2332 2379 4
2380 2431 0
2432 2487 0
2488 2515 0
2516 2575 5
2576 2595 0
2596 2605 6
2606 2653 3
2654 2659 7
2660 2671 1
2672 2711 8
2712 2749 7
2750 2787 7
2788 2807 7
2808 2818 8
2819 2828 7
2829 2838 7
2839 2848 8
2849 2886 0
2887 2920 0
2921 2956 0
2957 2992 0
2993 3028 0
3029 3040 0
3041 3048 8
3049 3056 0
3057 3072 0
3073 3086 0
3087 3102 0
3103 3116 0
3117 3132 0
3133 3146 0
3147 3162 0
3163 3176 0
3177 3192 0
3193 3206 0
3207 3222 0
3223 3236 0
3237 3242 0
3243 3250 1
3251 3268 0
3269 3277 1
3278 3283 3
3284 3291 3
3292 3307 0
3308 3317 9
3318 3378 0
3379 3457 0
3458 3543 0
3544 3628 0
3629 3716 0
3717 3732 0
3733 3748 0
3749 3792 0
3793 3836 0
3837 3880 0
3881 3912 0
3913 3927 0
3928 4013 0
4014 4053 0
4054 4074 0
4075 4083 1
4084 4117 0
4118 4125 0
4126 4149 0
4150 4173 0
4174 4203 0
4204 4219 0
4220 4229 0
4230 4271 0
4272 4280 0
4281 4290 0
4291 4300 0
4301 4304 0
4305 4308 0
4309 4320 0
4321 4340 0
4341 4360 0
4361 4380 0
4381 4400 0
4401 4408 0
4409 4415 0
4416 4431 0
4432 4434 0
4435 4443 0
4444 4453 0
4454 4467 0
4468 4487 0
4488 4499 0
4500 4503 0
4504 4507 0
4508 4519 0
4520 4567 0
4568 4576 0
4577 4583 0
4584 4617 0
4618 4625 0
4626 4645 0
4646 4665 0
4666 4683 0
4684 4701 0
4702 4709 0
4710 4715 0
4716 4721 0
4722 4725 0
4726 4731 10
4732 4741 10
4742 4745 10
4746 4749 0
4750 4755 0
4756 4763 0
4764 4769 0
4770 4784 0
4785 4803 0
4804 4811 0
4812 4821 0
4822 4837 0
4838 4849 0
4850 4855 0
4856 4857 0
4858 4873 0
4874 4876 0
4877 4910 0
4911 4954 0
4955 4998 0
4999 5042 0
5043 5046 0
5047 5058 0
5059 5066 0
5067 5108 0
5109 5150 0
5151 5178 0
5179 5218 0
5219 5251 0
5252 5273 0
5274 5307 0
5308 5324 0
5325 5412 0
5413 5456 0
5457 5478 0
5479 5500 0
5501 5522 0
5523 5610 0
5611 5654 0
5655 5698 0
5699 5742 0
5743 5762 0
5763 5806 0
5807 5850 0
5851 5894 0
5895 5921 0
5922 5997 0
5998 6003 0
6004 6015 0
6016 6030 0
6031 6045 0
6046 6060 0
6061 6075 0
6076 6161 0
6162 6183 0
6184 6217 0
6218 6257 0
6258 6297 0
6298 6337 0
6338 6371 0
6372 6383 0
6384 6394 0
6395 6404 0
6405 6410 0
6411 6417 0
6418 6425 0
6426 6498 0
6499 6518 0
6519 6534 0
6535 6594 0
6595 6646 0
6647 6672 0
6673 6684 0
6685 6724 0
6725 6764 0
6765 6804 0
6805 6814 0
6815 6834 0
6835 6849 0
6850 6861 0
6862 6867 0
6868 6879 0
6880 6919 0
6920 6959 0
6960 6999 0
7000 7009 0
7010 7029 0
7030 7037 0
7038 7073 0
7074 7111 0
7112 7151 0
7152 7190 0
7191 7229 0
7230 7249 0
7250 7359 0
7360 7434 0
7435 7505 0
7506 7544 0
7545 7574 0
7575 7608 9
7609 7647 9
7648 7660 9
7661 7697 9
7698 7703 0
7704 7711 9
7712 7737 0
7738 7759 0
7760 7765 0
7766 7817 0
7818 7821 0
7822 7837 0
7838 7872 0
7873 7882 0
7883 7903 0
7904 7924 0
7925 7945 0
7946 7966 0
7967 7974 0
7975 7989 0
7990 8007 0
8008 8015 0
8016 8034 0
8035 8049 0
8050 8063 0
8064 8077 0
8078 8092 0
8093 8099 0
8100 8107 0
8108 8111 0
8112 8159 0
8160 8181 0
8182 8189 0
8190 8229 0
8230 8280 0
8281 8313 0
8314 8328 0
8329 8347 0
8348 8362 0
8363 8370 0
8371 8390 0
8391 8430 0
8431 8452 0
8453 8461 0
2597 2606 6
2596 2605 6
2606 2653 3
2 13 0
14 25 49
26 37 49
38 49 50
50 61 50
62 73 50
74 81 1
82 159 0
160 181 0
182 247 0
248 329 0
330 335 1
336 369 0
370 421 0
422 509 0
510 597 0
598 678 0
679 686 51
687 696 52
697 702 51
703 741 0
742 745 2
746 749 1
750 751 0
752 753 53
754 761 1
762 787 0
788 799 1
800 871 0
872 931 0
932 955 2
956 970 2
971 1039 0
1040 1123 0
1124 1207 0
1208 1291 0
1292 1375 0
1376 1459 0
1460 1543 0
1544 1627 0
1628 1711 0
1712 1795 0
1796 1879 0
1880 1963 0
1964 1993 0
1994 2005 2
2006 2029 0
2030 2041 54
2042 2047 3
2048 2053 0
2054 2059 52
2060 2065 55
2066 2071 54
2072 2119 0
2120 2131 53
2132 2139 3
2140 2191 0
2192 2251 0
2252 2311 0
2312 2331 0
2332 2379 4
2380 2431 0
2432 2467 0
2468 2487 56
2488 2515 0
2516 2575 5
2576 2595 0
2596 2605 6
2606 2653 3
2654 2659 7
2660 2671 1
2672 2711 8
2712 2749 7
2750 2787 7
2788 2807 7
2808 2818 8
2819 2828 7
2829 2838 7
2839 2848 8
2849 2886 0
2887 2896 0
2897 2920 50
2921 2944 50
2945 2956 49
2957 2992 49
2993 3028 50
3029 3040 50
3041 3048 8
3049 3056 0
3057 3072 50
3073 3086 50
3087 3102 50
3103 3116 50
3117 3132 50
3133 3146 50
3147 3162 50
3163 3176 50
3177 3192 49
3193 3206 49
3207 3222 49
3223 3236 49
3237 3242 0
3243 3250 1
3251 3268 0
3269 3277 1
3278 3283 3
3284 3291 3
3292 3307 0
3308 3317 9
3318 3378 0
3379 3457 0
3458 3543 0
3544 3628 0
3629 3716 0
3717 3732 0
3733 3748 0
3749 3792 0
3793 3836 0
3837 3880 0
3881 3912 0
3913 3927 0
3928 4013 0
4014 4053 0
4054 4065 54
4066 4074 0
4075 4083 1
4084 4117 0
4118 4125 0
4126 4149 0
4150 4173 0
4174 4203 0
4204 4219 0
4220 4229 0
4230 4271 0
4272 4277 51
4278 4280 54
4281 4290 0
4291 4300 0
4301 4304 0
4305 4308 0
4309 4320 0
4321 4340 0
4341 4360 0
4361 4380 0
4381 4400 0
4401 4408 0
4409 4415 0
4416 4431 0
4432 4434 0
4435 4443 0
4444 4453 0
4454 4467 0
4468 4487 0
4488 4499 0
4500 4503 0
4504 4507 0
4508 4519 0
4520 4567 0
4568 4576 0
4577 4583 0
4584 4617 0
4618 4625 0
4626 4645 0
4646 4665 0
4666 4683 0
4684 4701 0
4702 4709 0
4710 4715 0
4716 4721 0
4722 4725 0
4726 4731 10
4732 4741 10
4742 4745 10
4746 4749 0
4750 4755 0
4756 4763 0
4764 4769 0
4770 4784 0
4785 4803 0
4804 4811 0
4812 4821 0
4822 4837 0
4838 4849 50
4850 4855 0
4856 4857 0
4858 4873 0
4874 4876 0
4877 4910 0
4911 4954 0
4955 4998 0
4999 5042 0
5043 5046 0
5047 5058 0
5059 5066 0
5067 5108 0
5109 5150 0
5151 5178 0
5179 5218 0
5219 5251 0
5252 5273 0
5274 5307 0
5308 5324 0
5325 5412 0
5413 5456 0
5457 5478 0
5479 5500 0
5501 5522 0
5523 5610 0
5611 5654 0
5655 5698 0
5699 5742 0
5743 5762 0
5763 5806 0
5807 5850 0
5851 5894 0
5895 5921 0
5922 5997 0
5998 6003 0
6004 6015 0
6016 6030 0
6031 6045 0
6046 6060 0
6061 6075 0
6076 6161 0
6162 6183 0
6184 6217 0
6218 6257 0
6258 6297 0
6298 6337 0
6338 6371 0
6372 6383 0
6384 6394 0
6395 6404 0
6405 6410 0
6411 6417 0
6418 6425 0
6426 6498 0
6499 6518 0
6519 6534 0
6535 6594 0
6595 6646 0
6647 6672 0
6673 6684 0
6685 6724 0
6725 6764 0
6765 6804 0
6805 6814 0
6815 6834 0
6835 6849 0
6850 6861 0
6862 6867 0
6868 6879 0
6880 6919 0
6920 6959 0
6960 6999 0
7000 7009 0
7010 7029 0
7030 7037 0
7038 7073 0
7074 7111 0
7112 7151 0
7152 7190 0
7191 7229 0
7230 7249 0
7250 7359 0
7360 7434 0
7435 7505 0
7506 7544 0
7545 7574 0
7575 7608 9
7609 7647 9
7648 7660 9
7661 7697 9
7698 7703 0
7704 7711 9
7712 7737 0
7738 7759 0
7760 7765 0
7766 7817 0
7818 7821 0
7822 7837 0
7838 7872 0
7873 7878 57
7879 7899 0
7900 7920 0
7921 7941 0
7942 7962 0
7963 7970 0
7971 7985 0
7986 8003 0
8004 8011 0
8012 8030 0
8031 8045 0
8046 8059 0
8060 8073 0
8074 8088 0
8089 8095 0
8096 8103 0
8104 8107 0
8108 8155 0
8156 8177 0
8178 8185 0
8186 8225 0
8226 8276 0
8277 8309 0
8310 8324 0
8325 8343 0
8344 8358 0
8359 8366 0
8367 8386 0
8387 8426 0
8427 8448 0
8449 8457 0
8458 8521 0
8522 8533 0
8534 8557 0
8558 8585 0
8586 8625 0
8626 8641 0
8642 8647 0
8648 8667 0
8668 8669 0
8670 8685 0
8686 8691 0
2060 2065 55
15533 15538 57
15533 15534 26
15535 15540 57
7873 7882 0
7873 7882 0
7883 7903 0
7904 7924 0
7925 7945 0
7946 7966 0
7967 7974 0
7975 7989 0
7990 8007 0
8008 8015 0
8016 8034 0
8035 8049 0
8050 8063 0
8064 8077 0
8078 8092 0
8093 8099 0
8100 8107 0
8108 8111 0
8112 8159 0
8160 8181 0
8182 8189 0
8190 8229 0
8230 8280 0
8281 8313 0
8314 8328 0
8329 8347 0
8348 8362 0
8363 8370 0
8371 8390 0
8391 8430 0
8431 8452 0
8453 8461 0
8462 8525 0
8526 8537 0
8538 8561 0
8562 8589 0
8590 8629 0
8630 8645 0
8646 8651 0
8652 8671 0
8672 8673 0
8674 8689 0
8690 8695 0
2048 2065 52
4075 4083 52
687 696 58
2030 2041 54
2048 2065 52
4075 4083 52
2048 2065 52
2048 2065 52
2030 2041 54
2048 2065 52
2006 2029 0
15541 15542 26
15543 15548 57
15549 15568 59
15569 15572 60
15573 15588 60
15589 15628 60
15629 15632 60
15633 15648 60
15649 15654 60
15655 15656 57
15657 15658 51
15533 15534 26
15535 15540 57
15541 15560 59
15561 15564 60
15565 15580 60
15581 15620 60
15621 15624 60
15625 15640 60
15641 15646 60
15647 15648 57
15649 15650 51
15649 15652 51
15649 15650 51
15625 15640 61
15641 15646 60
15647 15648 57
15649 15650 51
15651 15652 0
15651 15652 0
15651 15652 0
15625 15640 61
15653 15684 62
15685 15687 62
13801 13803 21
13804 13806 21
13807 13813 21
13814 13844 22
13845 13884 22
13885 13944 22
13945 13952 22
13953 13956 22
10014 10019 0
10020 10033 0
10034 10051 0
10052 10059 0
10060 10085 0
10086 10103 0
10104 10121 0
10122 10130 0
10131 10140 0
10141 10154 0
10155 10168 0
10169 10184 0
10185 10222 0
10223 10237 0
10238 10253 0
10254 10338 0
10339 10400 0
10401 10421 0
10422 10483 0
10484 10489 0
10490 10502 0
10503 10521 0
10522 10540 0
10541 10574 0
10575 10592 0
10593 10605 0
10606 10620 0
10621 10632 0
10633 10670 0
10671 10704 0
10705 10736 0
10737 10774 0
10775 10810 0
10811 10845 0
10846 10881 0
10882 10913 0
10914 10945 0
10946 10989 0
10990 11003 0
11004 11061 0
11062 11087 0
11088 11104 0
11105 11121 0
11122 11134 0
11135 11149 0
11150 11175 0
11176 11208 0
11209 11241 0
11242 11274 0
11275 11308 0
11309 11347 0
11348 11373 0
11374 11409 0
11410 11421 0
11422 11438 0
11439 11456 0
11457 11469 0
11470 11482 0
11483 11517 0
11518 11568 0
11569 11627 0
11628 11680 0
11681 11736 0
11737 11776 0
11777 11812 0
11813 11822 0
11823 11830 0
11831 11851 0
11852 11872 0
11873 11890 0
11891 11906 0
11907 11912 0
11913 11971 0
11972 12031 0
12032 12087 0
12088 12102 0
12103 12124 0
12125 12175 0
12176 12193 0
12194 12214 0
12215 12231 0
12232 12250 0
12251 12271 0
12272 12277 0
12278 12299 0
12300 12314 0
12315 12353 0
12354 12370 0
12371 12379 0
12380 12381 0
12382 12403 0
12404 12411 0
12412 12451 0
12452 12502 0
12503 12535 0
12536 12550 0
12551 12569 0
12570 12584 0
12585 12592 0
12593 12632 0
12633 12656 0
12657 12696 0
12697 12725 0
12726 12737 0
10002 10013 0
10014 10019 0
10020 10033 0
10034 10051 0
10052 10059 0
10060 10085 0
10086 10103 0
10104 10121 0
10122 10130 0
10131 10140 0
10141 10154 0
10155 10168 0
10169 10184 0
10185 10222 0
10223 10237 0
10238 10253 0
10254 10338 0
10339 10400 0
10401 10421 0
10422 10483 0
10484 10489 0
10490 10502 0
10503 10521 0
10522 10540 0
10541 10574 0
10575 10592 0
10593 10605 0
10606 10620 0
10621 10632 0
10633 10670 0
10671 10704 0
10705 10736 0
10737 10774 0
10775 10810 0
10811 10845 0
10846 10881 0
10882 10913 0
10914 10945 0
10946 10989 0
10990 11003 0
11004 11061 0
11062 11087 0
11088 11104 0
11105 11121 0
11122 11134 0
11135 11149 0
11150 11175 0
11176 11208 0
11209 11241 0
11242 11274 0
11275 11308 0
11309 11347 0
11348 11373 0
11374 11409 0
11410 11421 0
11422 11438 0
11439 11456 0
11457 11469 0
11470 11482 0
11483 11517 0
11518 11568 0
11569 11627 0
11628 11680 0
11681 11736 0
11737 11776 0
11777 11812 0
11813 11822 0
11823 11830 0
11831 11851 0
11852 11872 0
11873 11890 0
11891 11906 0
11907 11912 0
11913 11971 0
11972 12031 0
12032 12087 0
12088 12102 0
12103 12124 0
12125 12175 0
12176 12193 0
12194 12214 0
12215 12231 0
12232 12250 0
12251 12271 0
12272 12277 0
12278 12299 0
12300 12314 0
12315 12353 0
12354 12370 0
12371 12379 0
12380 12381 0
12382 12403 0
12404 12411 0
12412 12451 0
12452 12502 0
12503 12535 0
12536 12550 0
12551 12569 0
12570 12584 0
12585 12592 0
12593 12632 0
12633 12656 0
12657 12696 0
12697 12725 0
12726 12737 0
598 678 0
679 686 51
687 696 58
336 369 0
15688 15693 63
15653 15684 62
336 369 0
687 696 58
2030 2041 54
2048 2065 52
697 702 51
752 753 53
2030 2041 54
2048 2065 52
2120 2131 53
15653 15684 62
15685 15687 62
15688 15693 63
15694 15713 59
15533 15534 26
15533 15534 26
15561 15564 61
15714 15725 0
15726 15742 0
15743 15749 64
15743 15749 64
15561 15564 61
15750 15751 26
15688 15693 62
15743 15749 62
697 702 51
752 753 53
2120 2131 53
752 753 53
697 702 51
752 753 53
2120 2131 53
752 753 53
697 702 51
752 753 53
2120 2131 53
2380 2431 0
3717 3732 0
4150 4173 0
182 247 0
248 329 0
15750 15755 0
2897 2920 50
15756 15795 63
15796 15835 63
15836 15855 63
15856 15895 64
15896 15899 64
15900 15919 64
15920 15929 64
15930 15933 64
15934 15943 0
15944 15965 65
15966 15969 65
15970 15999 66
16000 16007 67
16008 16027 0
16028 16067 68
16068 16069 69
872 931 0
2140 2191 70
2192 2251 70
2252 2311 70
2312 2331 70
4204 4219 70
4220 4229 0
4230 4237 70
4238 4271 0
4520 4567 70
160 179 0
180 181 70
182 247 0
4520 4567 70
16028 16067 68
15930 15933 64
16070 16101 67
16102 16105 0
16102 16104 0
16102 16104 0
2192 2251 70
16105 16110 71
16111 16130 71
16131 16140 71
16131 16148 71
16149 16156 66
16149 16156 66
16149 16156 66
16149 16156 66
16105 16110 71
16111 16130 71
16131 16148 71
16157 16158 11
16157 16158 11
16157 16158 11
16159 16162 72
16159 16162 72
16163 16182 73
16183 16202 73
16203 16208 0
16209 16232 74
16233 16238 73
6076 6161 0
16239 16250 75
16251 16263 75
16264 16266 75
16267 16278 75
16279 16291 75
16292 16294 75
16295 16305 76
16306 16316 76
16317 16327 76
16328 16338 76
16339 16341 75
16342 16344 75
16345 16365 77
16366 16386 77
16387 16401 77
16402 16421 77
16422 16437 78
16438 16446 77
16447 16453 77
16454 16463 79
16464 16499 80
16500 16509 80
16510 16551 81
16552 16561 81
16562 16573 82
16574 16609 81
16610 16621 83
16622 16642 84
16643 16657 85
16658 16670 86
16671 16680 87
16681 16693 86
16694 16700 88
16701 16711 76
16712 16722 76
16723 16733 76
16734 16744 76
16745 16756 0
16757 16768 0
16769 16780 0
16781 16792 0
16793 16804 0
16805 16816 0
16817 16828 0
16829 16840 0
16841 16852 0
16853 16864 0
16694 16700 88
16865 16883 0
16884 16900 0
16901 16919 0
16920 16940 0
16941 16946 89
16947 16958 90
16959 16970 91
16971 16982 91
16983 16988 92
16989 16997 93
16989 16997 93
15533 15534 26
16998 17009 94
16998 17015 95
16998 17015 95
16998 17015 95
16998 17015 95
16998 17015 95
16998 17015 94
17016 17045 95
17046 17057 0
17058 17073 96
17074 17093 97
17094 17113 97
17114 17129 97
17130 17145 97
17146 17161 98
17162 17177 98
17178 17193 97
17194 17201 97
17202 17230 99
17231 17252 97
17253 17254 97
17255 17270 97
17271 17290 97
17291 17306 100
17307 17326 97
17327 17342 97
17327 17342 97
17343 17358 97
17327 17342 97
17327 17342 98
17359 17378 101
17379 17414 101
17415 17434 101
17435 17474 101
17475 17516 101
17517 17536 102
17537 17572 102
17573 17592 102
17593 17632 102
17633 17674 102
17675 17690 103
17691 17711 104
17712 17720 105
17721 17738 106
17739 17750 107
17751 17776 101
17777 17802 102
17803 17814 108
17815 17826 108
17827 17838 108
17839 17850 108
17851 17856 108
17857 17877 109
17878 17897 109
17898 17917 110
17918 17937 110
17938 17945 109
17946 17951 109
17952 17961 111
17952 17961 111
17962 17969 112
17970 17987 113
17988 18005 114
18006 18023 114
18024 18037 115
18038 18051 115
18052 18065 115
18066 18079 115
18080 18100 116
18101 18121 116
18122 18142 117
18143 18163 117
18164 18184 118
18185 18205 118
18206 18213 114
18214 18229 119
18230 18239 120
18240 18255 119
18256 18263 120
18264 18271 121
18272 18282 122
18283 18296 123
18297 18310 124
18311 18318 124
18319 18326 125
18327 18334 125
17675 17690 103
17675 17690 103
18335 18362 103
18363 18374 126
18375 18385 127
18386 18407 128
18408 18421 129
18422 129
18423 18439 130
18440 18454 130
18455 130
18456 18472 129
18473 18485 129
18486 18487 131
18488 18494 132
18495 18501 133
18502 18508 134
18509 18515 135
18516 18523 136
18524 18531 137
18532 18545 138
18546 18557 139
18558 18564 140
18565 18572 141
18573 18586 142
18587 142
18588 18604 143
18605 18619 143
18620 143
18621 18637 142
18638 18650 142
18651 18657 144
18658 18664 145
18665 18671 146
18672 18678 147
18679 18685 148
18686 18692 149
18693 18706 150
18707 18713 151
18714 18720 152
18721 18756 153
18757 18792 154
18793 18808 155
18809 18824 155
18825 18834 155
18835 18850 156
18851 18866 156
18867 18876 156
18877 18892 157
18893 18908 157
18909 18918 157
18919 18934 158
18935 18950 158
18951 18960 158
18961 18964 159
18965 18980 160
18981 18999 161
19000 19006 0
19007 19011 162
19012 19016 163
19017 19021 164
19022 19026 165
19027 19031 166
19032 19036 167
19037 19041 168
19042 19046 169
19047 19048 170
19049 19050 171
19051 19052 172
19053 19054 173
19055 19056 174
19057 19058 175
19059 19060 176
19061 19062 177
19063 19066 138
19067 19070 178
19071 19074 150
19075 19078 179
19079 19100 180
19101 19117 180
19118 19129 0
19130 19139 158
19140 19147 158
19148 19157 157
19158 19165 157
19166 19175 158
19176 19183 158
19184 19193 155
19194 19201 155
19118 19129 0
19118 19129 0
19118 19129 0
19202 19213 158
19214 19225 155
19226 19237 157
19238 19249 158
19202 19209 158
19210 19217 155
19218 19226 157
19227 19234 158
19218 19225 157
19226 19233 158
19202 19209 158
19210 19217 155
19218 19225 157
19226 19233 158
19202 19213 158
19214 19225 155
19226 19237 157
19238 19249 158
19250 19254 181
19255 19259 182
19260 19261 183
19262 19263 183
19264 19268 184
19269 19273 185
19274 19275 186
19276 19277 187
19278 19282 184
19283 19287 185
19288 19289 186
19290 19291 187
19292 19301 188
19302 19306 188
19307 19315 188
19316 19325 188
19326 19329 188
19330 19338 188
19339 19348 188
19349 19352 188
19353 19361 188
19362 19371 188
19372 19375 188
19376 19384 188
19307 19315 188
