/*
	ground tile attribute table :

	[ ATTR_gnd_paint : ( r, g, b, a ), h ]  
			: ( r, g, b, a )의 컬러로 지정된 ground tile위의 object의 높이 h 까지를 색칠한다.

*/

[ set_attr :
	[ ATTR_gnd_paint :
			( 11, 31, 39, 178 ), 20 ]
  apply_to :
	16503 16505 16507 16509 16511 16513
	( 16521, 16526 ) (16536, 16571 )
]
[ set_attr :
	[ ATTR_gnd_paint :
			( 52, 100, 212, 178 ), 10 ]
  apply_to :
	16659 16660 16663 16665 16667 16671 16680 16682 16685 16686 16697 16698
	16700 16702 ( 16707, 16710 ) 16715 16717 16719 16721 16728 16730 16732 16733 16735
]
[ set_attr :
	[ ATTR_gnd_paint :
			( 52, 100, 212, 178 ), 14 ]
  apply_to :
	( 16623, 16654 )
]
[ set_attr :
	[ ATTR_gnd_paint :
			( 0, 0, 0, 0 ), 1 ]
  apply_to :
	( 16977, 17008 ) ( 17021, 17028 ) 17041 17045 17049 17053 17060 17064 17068 17072 17085 17089
	17108 ( 17136, 17140 ) 17143 17144 17147 17148 17152 17156 17160 ( 17163, 17169 ) 17173 17174 17177 17178
	( 17181, 17190 ) 17193 17197
]
[ set_attr :
	[ ATTR_gnd_paint :
			( 0, 0, 0, 0 ), 1 ]
  apply_to :
	( 756, 763 ) ( 765, 768 )
]
[ set_attr :
	[ ATTR_gnd_paint :
			( 0, 0, 0, 0 ), 1 ]
  apply_to :
	( 327, 425 )
]
[ set_attr :
	[ ATTR_gnd_paint :
			( 0, 0, 0, 0 ), 1 ]
  apply_to :
	( 15737, 15740 ) ( 15745, 15750 ) ( 15753, 15758 ) ( 15761, 15765 ) 15772 15773
]
[ set_attr :
	[ ATTR_gnd_paint :
			( 0, 0, 0, 0 ), 2 ]
  apply_to :
  	( 983, 998 )
]
[ set_attr :
	[ ATTR_gnd_paint :
			( 0, 0, 0, 0 ), 2 ]
  apply_to :
  	( 7943, 7965 ) ( 12300, 12321 )
]
[ set_attr :
	[ ATTR_gnd_paint :
			( 0, 0, 0, 0  ), 2 ]
  apply_to :
	9910 9915 9920 9925 9929 9933 9938 9943
	9950 9954 9959 9963 9968 9973 9979 9984
	9990 9995 10001 10006 10011 10015 10020 10025
	10031 10036 10041 10045 10050 10055 10060 10065
	10071 10077 10082 10089 10096 10093 10102 10103
]
[ set_attr :
	[ ATTR_gnd_paint :
			( 0, 0, 0, 0 ), 2 ]
  apply_to :
	( 10138, 10141 ) 10145 10152 10160 10168 10173 10178
	10185 10190 10195 10203 10211 10213 10214 10218 ( 10223, 10225 )
]
[ set_attr :
	[ ATTR_gnd_paint :
			( 0, 0, 0, 0 ), 2 ]
  apply_to :
	10260 10261 10266 10267 10273 10280 10285 10290
	( 10367, 10373 ) 10381 10382 10390 10398 10402 10407 10412
	( 10496, 10500 ) 10508 10516 10522 10527 10531
]
[ set_attr :
	[ ATTR_gnd_paint :
			( 0, 0, 0, 0 ), 2 ]
  apply_to :
	10544 10551 10553 10562 10563 10564 10557 10558
	10585 10589 10590 10591 10592 10594 10595 10596
	10621 10626 10631 10636 10644 10645 10646 10647
	10676 10681 10686 10691 10699 10706 ( 10710, 10712 ) ( 10714, 10717 )
]
[ set_attr :
	[ ATTR_gnd_paint :
			( 0, 0, 0, 0 ), 2 ]
  apply_to :
	( 17021, 17028 ) 17041 17045 17049 17053 17060 17064 17068 17072 17085 17089 17108 17136
	( 17137, 17140 ) 17144 17148 17152 17156 17160
	( 17164, 17168 ) 17169 17173 17177
	( 17181, 17184 ) 17189 17193 17197
]
[ set_attr :
	[ ATTR_gnd_paint :
			( 0, 0, 0, 0 ), 2 ]
  apply_to :
	( 327, 425 ) ( 756, 763 ) ( 765, 768 )
]


