2 188 0
189 375 0
376 562 0
563 749 0
750 936 0
937 1123 0
1124 1310 0
1311 1497 0
1498 1684 0
1685 1871 0
1872 2058 0
2059 2245 0
2246 2432 0
2433 2619 0
2620 2806 0
2807 2983 0
2984 3170 0
3171 3344 0
3345 3512 0
3513 3679 0
3680 3731 0
3732 3749 0
3750 3936 0
3937 4123 0
4124 4310 0
4311 4496 0
4497 4665 0
4666 4847 0
4848 5004 0
5005 5173 0
5174 5348 0
5349 5532 0
5533 5719 0
5720 5895 0
5896 6080 0
6081 6267 0
6268 6442 0
6443 6629 0
6630 6810 0
6811 6997 0
6998 7184 0
7185 7371 0
7372 7544 0
7545 7731 0
7732 7917 0
7918 8099 0
8100 8214 0
8215 8401 0
8402 8588 0
8589 8775 0
8776 8962 0
8963 9149 0
9150 9336 0
9337 9523 0
9524 9697 0
9698 9881 0
9882 10068 0
10069 10255 0
10256 10442 0
10443 10629 0
10630 10810 0
10811 10997 0
10998 11049 0
11050 11236 0
11237 11423 0
11424 11610 0
11611 11797 0
11798 11984 0
11985 12171 0
12172 12358 0
12359 12362 0
12363 12549 1
12550 12736 1
12737 12923 1
12924 12971 1
12972 13025 2
13026 13056 3
13057 13177 4
13178 13237 1
13238 13424 5
13425 13473 5
13474 13511 6
13512 13533 7
13534 13720 8
13721 13907 8
13908 13995 8
13996 14020 5
14021 14049 8
6170 6356 9
6357 6428 9
14050 14113 10
14114 14197 11
14198 14384 12
6170 6356 9
6357 6428 9
6429 6565 0
6566 6629 0
2 103 13
104 188 13
189 258 13
259 278 14
279 327 0
328 375 14
376 426 14
427 537 13
538 562 14
563 622 14
623 700 13
701 749 0
750 786 0
787 835 13
836 844 14
845 861 0
862 936 13
937 942 13
943 958 0
959 964 0
965 983 13
984 1123 0
1124 1310 0
1311 1474 0
1475 1478 14
1479 1497 0
1498 1684 0
2 103 13
104 188 13
189 258 13
259 278 14
279 327 0
328 375 14
376 426 14
427 537 13
538 562 14
563 622 14
623 700 13
701 749 0
750 786 0
787 835 13
836 844 14
845 861 0
862 936 13
937 942 13
943 958 0
959 964 0
965 983 13
984 1123 0
1124 1310 0
1311 1474 0
1475 1478 14
1479 1497 0
2984 3170 0
14385 14416 15
14417 14516 16
14517 14618 16
14385 14416 15
14417 14518 16
1479 1497 0
1498 1684 0
14417 14603 17
14604 14790 17
14791 14977 17
14978 15061 17
15062 15125 18
15126 15301 19
15302 15427 20
15428 15540 21
15541 15557 22
15558 15574 23
15575 15598 24
15599 15604 25
15599 15604 25
15605 15612 19
15126 15301 19
15613 15732 26
15733 15914 27
15915 15926 0
2 188 1
189 258 1
259 278 2
279 327 0
328 375 2
376 426 2
427 537 1
538 562 2
563 622 2
623 700 1
701 749 0
750 786 0
787 835 1
836 844 2
845 861 0
862 936 1
937 942 1
943 958 0
959 964 0
965 983 1
984 1123 0
1124 1310 0
1311 1474 0
1475 1478 2
1479 1497 0
1498 1684 0
1685 1871 0
1872 2058 0
2059 2245 0
2246 2432 0
2433 2619 0
2620 2806 0
2807 2983 0
2984 3170 0
3171 3344 0
3345 3512 0
3513 3679 0
3680 3731 0
3732 3749 0
3750 3936 0
3937 4123 0
4124 4310 0
4311 4496 0
4497 4665 0
4666 4847 0
4848 5004 0
5005 5173 0
5174 5348 0
5349 5532 0
5533 5719 0
5720 5895 0
5896 6080 0
6081 6169 0
6170 6356 3
6357 6428 3
6429 6565 0
6566 6629 0
6630 6810 0
6811 6997 0
6998 7184 0
7185 7371 0
7372 7544 0
7545 7731 0
7732 7917 0
7918 8099 0
8100 8214 0
8215 8401 0
8402 8588 0
8589 8775 0
8776 8962 0
8963 9149 0
9150 9336 0
9337 9523 0
9524 9697 0
9698 9881 0
9882 10068 0
10069 10255 0
10256 10442 0
10443 10629 0
10630 10810 0
10811 10997 0
10998 11049 0
11050 11236 0
11237 11423 0
11424 11610 0
11611 11797 0
11798 11984 0
11985 12171 0
12172 12358 0
12359 12362 0
12363 12549 4
12550 12736 4
12737 12923 4
12924 12971 4
12972 13025 5
13026 13056 6
13057 13177 7
13178 13237 4
13238 13424 8
13425 13473 8
13474 13511 9
13512 13533 10
13534 13720 11
13721 13907 11
13908 13995 11
13996 14020 8
14021 14049 11
14050 14113 12
14114 14197 13
14198 14384 14
14385 14416 15
14417 14603 16
14604 14790 16
14791 14977 16
14978 15061 16
15062 15125 17
15126 15301 18
15302 15427 19
15428 15540 20
15541 15557 20
15558 15574 21
15575 15598 20
15599 15604 22
15605 15612 18
15613 15732 23
15733 15914 24
15915 15926 0
2 188 1
189 258 1
259 278 2
279 314 0
315 323 25
324 327 0
328 375 2
376 426 2
427 537 1
538 562 2
563 622 2
623 700 1
701 749 0
750 752 0
753 756 26
757 770 27
771 784 26
785 786 0
787 835 1
836 844 2
845 861 0
862 936 1
937 942 1
943 958 0
959 964 0
965 983 1
984 999 0
1000 1060 26
1061 1123 0
1124 1310 0
1311 1474 0
1475 1478 2
1479 1497 0
1498 1684 0
1685 1871 0
1872 2058 0
2059 2245 0
2246 2432 0
2433 2619 0
2620 2806 0
2807 2983 0
2984 3170 0
3171 3344 0
3345 3512 0
3513 3679 0
3680 3731 0
3732 3749 0
3750 3936 0
3937 4123 0
4124 4310 0
4311 4496 0
4497 4665 0
4666 4847 0
4848 5004 0
5005 5173 0
5174 5348 0
5349 5532 0
5533 5719 0
5720 5895 0
5896 6080 0
6081 6169 0
6170 6356 3
6357 6428 3
6429 6565 0
6566 6629 0
6630 6810 0
6811 6997 0
6998 7184 0
7185 7371 0
7372 7544 0
7545 7731 0
7732 7917 0
7918 8099 0
8100 8214 0
8215 8401 0
8402 8588 0
8589 8775 0
8776 8962 0
8963 9149 0
9150 9336 0
9337 9523 0
9524 9697 0
9698 9881 0
9882 10068 0
10069 10255 0
10256 10442 0
10443 10629 0
10630 10810 0
10811 10997 0
10998 11049 0
11050 11236 0
11237 11423 0
11424 11610 0
11611 11797 0
11798 11984 0
11985 12171 0
12172 12358 0
12359 12362 0
15927 15993 28
15994 16060 25
16061 16127 29
16128 16130 26
16131 16150 30
16151 16220 31
16221 16330 32
757 770 27
757 770 27
16221 16336 32
16337 16422 33
16423 16438 0
16423 16438 0
16423 16438 0
771 784 26
16439 34
16439 27
771 784 26
16440 16448 26
16440 16449 26
959 964 34
279 314 34
16450 16503 35
16504 16576 36
16577 16584 35
16585 16586 36
16585 16587 36
279 284 34
279 314 34
959 964 34
1498 1650 0
1651 1684 37
1685 1737 37
1738 1871 0
16588 16623 38
16624 16800 39
16801 16822 40
16823 16838 41
16839 16901 42
16902 16977 43
16978 17164 44
17165 17210 44
17211 17228 45
17229 17271 46
17272 17314 47
17315 17426 48
17427 17526 48
17527 17542 49
17543 17550 50
17551 17662 51
17663 17849 52
17850 17876 52
17663 17849 52
17850 17878 52
17663 17849 52
17850 17878 52
17879 17910 53
17879 17910 53
17911 17918 54
17919 18000 55
18001 18009 56
18010 18130 57
18131 18236 58
18237 18278 59
18279 18298 60
18299 18309 61
18310 18321 62
18322 18333 55
18334 18342 63
18310 18322 62
18323 18334 55
18335 18343 63
18344 18352 50
18353 18368 65
18369 18390 66
18391 18393 67
18394 18408 68
18409 18536 69
18537 18664 69
18665 18792 69
18793 18920 69
18921 19008 70
19009 19024 71
19025 19028 68
19029 19156 69
19157 19180 72
19181 19244 73
